80 2338
44 24 87773
32 62 33993
80 56 94698
17 57 88005
76 46 94783
66 21 86057
36 59 69631
65 14 61706
74 76 33578
49 38 53027
14 25 13396
33 47 62350
47 71 42755
34 56 60693
68 35 22092
21 28 21538
21 12 55941
9 5 57575
80 17 79437
7 9 80079
27 15 66190
20 12 88207
56 49 84238
79 78 33983
77 74 52249
55 26 74432
67 48 62864
14 67 25230
57 34 71823
70 14 69085
42 3 33780
1 37 33315
48 69 44320
16 52 106
80 28 63592
39 9 68071
58 25 27634
18 41 33212
66 30 31053
31 72 13867
46 77 21371
3 9 16527
58 1 53922
68 53 31165
75 16 1590
63 12 74276
34 48 88028
46 53 81490
32 72 36105
72 48 99855
27 28 49311
5 24 12729
23 14 73873
3 54 34897
14 34 96736
75 51 6952
72 7 80620
7 5 36628
77 58 57957
9 61 8
19 26 34136
58 39 33286
28 68 40265
27 42 83722
20 71 65502
51 72 23446
61 14 99142
26 46 95325
15 73 43738
7 64 31095
5 27 36755
69 15 87313
46 67 76624
67 4 66315
21 70 25811
45 62 48144
67 33 10674
53 10 29907
53 31 63775
71 33 53087
30 60 393
11 19 33865
6 58 72194
50 38 8092
4 19 19121
65 79 81908
31 67 89843
72 16 77626
73 52 44057
50 30 22304
20 5 24587
21 63 20347
27 21 48157
79 47 33189
54 65 51706
61 26 55863
44 61 49277
4 64 18485
48 76 97864
58 71 25272
1 14 41814
32 5 14094
75 61 43898
35 52 29551
73 49 46677
54 58 11025
53 15 61120
67 53 43038
56 20 37758
64 69 5554
20 3 49057
44 45 88563
50 65 80077
7 1 75214
21 80 95437
10 24 64940
70 1 1199
44 53 55870
48 46 54770
16 47 86468
14 6 14354
78 56 25274
58 43 35082
44 63 60058
68 79 24818
49 61 73030
38 74 87615
36 43 54629
26 15 55433
14 54 6945
65 77 9561
22 16 25645
59 65 48129
21 38 73121
46 8 46455
74 13 47405
20 19 50181
8 29 62806
30 22 2108
36 20 52212
41 67 69287
2 8 35295
25 42 40600
53 12 20141
55 1 27803
30 19 76068
41 12 71656
11 6 75815
21 40 11029
23 61 27927
45 59 56183
16 50 39707
46 35 62868
77 1 86951
63 76 55330
20 32 40063
7 19 64092
63 53 57003
47 10 56435
43 75 32220
79 31 51395
25 73 24358
71 10 33647
16 31 88451
20 13 50326
3 52 93397
31 27 21153
18 56 1839
4 18 43135
15 5 24752
21 53 57670
72 29 55530
8 41 96495
9 66 58462
7 33 44648
45 6 70834
80 5 13532
23 52 13020
66 43 71597
28 10 75404
3 7 47102
50 2 75506
28 75 25140
64 75 4627
38 43 25743
54 50 97925
11 31 44770
55 66 98117
28 73 99256
59 43 46065
31 26 64879
70 13 93820
43 77 25521
68 71 92721
71 21 67928
16 23 48287
36 80 74129
66 37 71591
71 54 46295
10 45 82586
70 72 65149
59 6 33846
78 55 40608
15 62 75741
65 62 25122
19 60 95619
4 23 80617
33 37 7349
31 65 39904
59 38 48946
61 18 73350
7 18 14034
76 66 16310
75 11 95834
73 80 23579
11 63 36240
27 46 11497
59 80 95362
79 5 71561
44 62 61406
26 1 98337
61 60 10444
16 37 47057
38 32 16104
78 26 93633
11 43 82751
41 32 55845
64 16 32922
1 57 22986
46 56 41785
54 42 57159
75 47 45867
40 73 64616
8 16 75075
40 64 88672
24 49 31380
3 72 64952
26 22 55380
3 59 22575
51 78 67592
19 34 23164
69 73 98180
53 65 25238
12 1 60495
19 36 48766
71 49 51195
40 24 78355
43 28 92199
42 47 7492
77 36 7151
43 31 35811
53 55 75021
40 38 84121
33 14 6842
80 75 8546
10 17 77791
65 47 98975
67 72 26201
55 34 48664
30 41 14949
17 67 72108
26 42 19836
8 44 93897
53 61 93330
77 32 9966
5 62 35567
52 67 22294
73 9 52974
37 5 91972
47 35 28907
4 5 32172
78 71 70846
70 55 19271
5 44 50213
31 77 80445
72 17 68833
18 21 55268
45 2 38644
2 46 9488
22 9 70379
72 5 54955
14 10 31287
75 40 58366
7 70 96545
46 68 98302
37 39 56183
39 77 2451
35 40 75095
18 16 47777
2 21 94150
26 17 55631
8 50 79658
30 57 88432
19 75 68655
57 49 26534
71 3 76605
76 3 40340
68 61 78784
39 57 22026
41 20 19170
75 1 96948
56 32 39772
41 65 77761
13 7 34426
45 66 60462
57 38 82938
31 74 70098
49 29 63082
25 79 53765
11 1 43306
80 16 11453
31 22 20962
77 68 1756
8 54 13191
72 28 13861
72 66 48134
61 50 41218
5 23 11552
19 39 24869
14 71 56913
2 16 45954
23 53 52461
76 17 82963
6 54 91632
12 19 56199
41 26 16391
74 72 85113
41 24 47606
60 2 50939
28 18 82338
11 50 89123
61 59 81570
3 75 50060
18 17 73400
8 6 95334
49 42 43104
23 36 29899
27 54 92429
46 6 2965
18 52 18563
80 55 60175
74 48 70899
53 47 86021
26 35 33070
46 9 39977
23 79 85493
42 34 32518
17 54 47746
12 40 34678
13 28 79711
30 79 65864
58 36 83828
29 57 7778
78 74 53548
18 67 52204
78 41 52726
38 44 58885
63 39 49265
19 1 29630
15 59 69298
29 34 82920
8 71 13459
26 7 380
54 70 50889
59 73 48148
6 63 69648
77 78 71305
77 8 20865
44 17 53835
21 60 52786
31 46 1800
35 67 68445
79 61 62546
59 11 7241
19 40 87158
18 15 30931
32 68 72554
7 35 84095
64 3 83312
62 6 9801
31 64 73009
45 77 92188
69 45 12610
11 69 60784
25 37 89426
71 63 24020
13 61 18390
78 43 99604
73 12 53132
29 3 25962
37 15 32484
42 32 2788
1 41 13193
18 69 73786
77 4 26713
52 9 99999
3 6 73612
28 41 41103
1 8 4593
65 7 43475
13 18 99123
42 66 57365
78 16 7138
53 38 61098
70 52 17360
40 30 4225
31 17 73049
76 70 13519
42 63 97540
55 63 75273
10 46 44322
49 51 13998
68 74 99010
32 13 16782
80 44 12793
6 55 81076
12 74 87847
58 33 36677
4 37 74489
8 48 4744
71 26 3474
21 51 18259
24 75 98542
33 45 63244
16 19 86769
60 77 98761
35 23 53335
15 23 94853
51 66 31214
80 43 59155
48 59 8286
33 62 82127
77 59 15670
48 15 23809
2 15 73366
8 13 81025
19 42 13274
72 6 17899
72 21 22052
39 44 20443
80 4 95381
63 24 35920
71 27 83867
61 24 74024
30 70 94230
12 68 93967
49 23 10877
50 47 29842
12 54 64857
19 80 2983
16 66 23816
20 57 85983
65 30 42393
80 74 12907
17 21 4024
32 80 10330
47 20 57464
45 7 74629
48 28 57839
10 70 20521
65 58 62405
64 80 99913
35 29 88587
49 76 79295
74 33 84200
50 79 4495
53 40 46379
29 2 43078
77 48 57749
28 24 43625
19 44 16283
68 58 72316
21 75 57708
22 62 47228
26 14 92736
53 74 78449
57 42 37022
4 52 78087
5 64 74081
26 13 90011
2 75 50579
38 25 73343
33 42 42365
68 7 79181
39 68 44587
17 59 82689
39 26 35142
67 51 78897
53 49 84819
24 69 96170
67 19 89658
12 67 27958
15 80 85955
47 39 60566
47 73 94878
60 67 35617
79 56 13817
54 34 17421
24 25 72537
43 30 88580
32 24 89150
69 72 98794
78 69 31608
22 63 60446
73 48 89022
57 43 67552
15 39 34595
56 75 19563
73 30 49950
24 56 45114
79 21 13657
67 57 12000
45 74 42963
75 41 36809
71 57 5355
55 29 90098
25 47 3127
9 6 49751
50 44 41164
50 75 60935
16 40 49595
34 31 54429
57 11 31238
6 67 86273
18 33 66111
48 63 46306
64 19 8252
39 11 12136
71 40 53102
23 55 52685
4 69 4008
20 69 2828
30 20 81665
53 42 36959
42 67 94469
10 54 6162
78 30 34112
43 68 94916
60 58 83884
5 67 49152
20 74 39761
53 3 11802
19 9 10840
27 36 38913
34 61 3221
20 16 21514
9 40 24095
46 65 36461
22 14 56978
44 68 95545
36 37 49966
39 41 84797
60 39 92233
44 40 78032
63 25 97962
75 4 17019
77 40 86905
49 40 48661
64 15 2294
23 76 6881
35 48 35383
57 15 63560
24 12 63820
39 69 61584
26 24 69166
10 20 52153
64 13 61752
46 47 11291
78 13 86720
7 40 58377
20 52 70462
71 64 38876
25 30 68767
16 28 50823
25 5 14786
72 75 71287
64 47 11633
60 5 59204
41 36 71179
68 62 49223
10 52 9373
48 25 31538
5 39 44169
17 13 18068
22 6 2026
55 58 6675
59 18 44131
35 37 34607
79 32 69498
31 44 80161
72 76 71489
59 22 78439
33 12 30279
49 12 42329
59 32 1799
72 57 14100
54 53 80014
1 64 52408
18 43 67838
63 56 65492
79 66 89642
5 3 73371
33 56 27744
20 72 66128
29 33 45793
64 11 86462
3 18 85030
18 77 98290
56 48 2935
10 69 89337
32 63 63100
22 20 18620
67 74 58626
38 61 98694
78 66 67547
18 11 22330
17 71 34810
69 21 70332
25 60 39904
8 21 59708
48 49 60761
56 40 88698
56 60 39940
4 2 88389
48 20 79371
57 66 23450
55 77 47035
63 14 67449
2 41 56616
62 71 61858
24 23 34204
66 47 20821
42 43 70539
33 38 51680
22 48 72360
57 40 54866
8 61 70730
75 34 87562
80 62 598
53 62 60697
70 9 38313
14 31 65981
18 76 29198
28 70 68614
33 21 43437
43 47 47320
71 43 3801
8 24 35750
49 27 15851
54 28 64787
41 72 61763
46 16 87904
69 7 54408
9 53 77815
14 15 26543
37 27 30387
20 58 66976
76 39 34721
6 38 58575
4 6 74570
37 51 2710
47 56 65917
59 31 2828
8 47 5604
60 8 71412
2 56 56485
23 8 46800
80 1 53626
36 53 6832
25 57 63080
44 59 89324
55 48 35683
14 60 42538
60 48 56693
74 2 73954
34 43 44121
54 49 38719
57 78 71780
71 41 82055
80 45 51346
54 61 5776
58 79 57492
33 54 52100
80 14 81774
25 16 98585
73 4 82019
23 32 43149
71 32 9089
33 25 11992
57 19 605
37 57 92487
10 64 93222
40 25 58163
41 23 61824
70 35 76103
26 45 37867
6 31 22200
75 36 93488
66 44 9699
72 30 3984
63 79 33650
44 23 55475
11 73 49032
13 80 60334
16 70 41166
78 61 37232
3 45 29982
7 4 34869
59 19 13753
79 71 53614
34 39 19438
35 6 87824
66 32 12697
36 61 68545
52 24 875
30 49 32320
51 63 85421
66 14 71833
40 45 94555
50 12 69709
43 15 87641
57 6 28696
16 58 50820
41 61 32916
35 43 7606
56 1 44891
9 45 13148
6 80 56668
41 80 81311
10 48 33376
22 7 77843
23 72 46270
60 31 61257
76 56 12944
80 23 25916
65 61 90422
55 61 29698
74 23 94286
26 51 59108
42 45 33706
39 18 50043
6 49 97527
31 33 23451
14 9 6049
46 72 85657
73 67 23488
28 57 50373
55 42 96095
74 22 69721
63 10 5624
59 23 45162
35 3 66742
47 1 43790
30 2 48348
59 21 65881
60 11 23511
45 61 76960
76 16 28338
29 36 32792
39 21 9047
18 6 38558
21 34 42130
67 34 86329
9 72 13443
70 60 22549
10 73 32039
5 52 4694
62 61 88667
78 40 8030
67 8 52929
80 31 93262
19 77 30492
46 54 37888
74 14 76731
75 33 77481
47 7 13153
47 72 99671
11 79 9554
30 47 57141
60 47 53585
30 64 96008
71 52 96225
24 43 75250
68 73 78552
14 69 20904
64 58 82529
31 38 84011
77 38 11145
13 33 32067
16 34 46198
19 58 54241
73 44 87932
49 58 92090
31 42 17460
64 62 83416
79 2 23143
42 77 18472
69 74 34259
42 10 99335
45 17 26533
65 32 54336
75 59 79930
57 80 19842
5 6 60145
70 11 18383
38 46 22932
50 40 31394
69 60 34366
7 48 93381
23 28 98526
11 9 26392
35 8 54928
10 2 51457
37 32 55504
40 1 79266
75 17 10215
62 54 67333
38 9 82809
76 77 72315
76 4 17473
52 44 96036
5 54 48401
79 59 93894
47 28 64896
48 16 79049
60 68 58550
55 76 79985
27 17 69876
78 49 15420
73 55 59530
7 55 70079
11 26 4239
44 46 20628
55 4 97791
64 6 28885
34 13 95408
32 43 47631
8 65 31028
36 73 15898
77 50 67256
77 70 18432
67 27 22302
62 38 33852
60 7 9427
55 69 36299
43 23 56678
12 78 18242
20 14 75922
47 24 79328
63 80 89995
42 39 94991
28 65 44283
17 11 7970
49 28 98347
28 52 41687
78 1 72465
63 75 497
29 15 10755
11 22 62238
48 50 2891
3 46 2074
10 39 35138
78 70 31948
50 7 47081
77 67 28310
7 67 76644
67 66 62776
66 12 12254
69 8 32325
34 45 68663
58 31 88259
77 73 48116
51 61 78208
15 31 54469
68 3 88331
3 33 58317
59 55 18052
47 80 29593
49 16 25713
75 32 79557
33 79 25145
55 2 57443
11 3 48929
9 57 10709
30 17 60081
71 65 47100
57 56 15001
48 26 37471
68 25 38848
43 19 49826
76 71 47935
15 71 64058
30 1 48840
71 61 39222
61 2 76594
15 50 57775
38 78 69254
34 63 60438
1 3 52337
3 49 51250
24 65 60147
3 74 31693
72 68 64667
64 9 24866
20 65 77565
66 64 57958
76 53 77824
60 33 9196
51 41 17256
39 61 22296
79 42 56420
77 14 78160
20 73 23707
30 32 54362
4 28 14907
29 4 89356
71 55 53175
29 10 34148
31 69 39158
70 20 35528
11 56 10254
23 56 10960
69 34 84471
41 60 64693
71 48 82549
27 20 96183
76 52 59639
29 64 85700
78 58 11446
72 34 80601
59 66 73178
56 41 95581
54 1 5580
35 74 28446
45 5 86292
9 2 27015
3 24 13135
8 34 48986
21 13 95661
65 22 67098
66 10 50955
51 64 90502
31 13 58880
24 46 40915
68 20 13988
79 53 43120
77 25 52735
79 10 81699
54 30 22689
77 3 91815
41 6 51734
51 56 94902
52 25 14811
55 27 36775
11 72 98258
58 13 42674
7 42 27081
7 44 38160
59 72 89802
79 72 54337
42 15 10893
2 35 94502
29 50 49079
18 34 80532
78 34 24284
5 26 27987
41 63 30042
54 45 60329
78 29 33441
2 24 58475
37 65 32961
70 58 48782
31 52 36502
74 9 10978
27 60 35017
79 76 10016
34 26 38080
30 69 11288
74 60 95623
44 22 69338
43 62 38400
72 77 25626
15 12 16018
22 49 30861
58 29 64669
79 34 37776
78 59 29189
10 12 96667
53 78 37098
40 28 54031
39 59 85495
8 11 96913
50 45 56177
52 58 37395
9 58 77872
71 35 77911
25 62 8379
52 8 23753
42 4 38470
23 38 18764
4 35 89621
49 69 56287
12 7 6220
42 51 74005
41 76 3654
12 32 13504
26 6 94647
77 75 28248
3 26 90751
26 79 80600
38 3 34098
49 17 96071
8 12 21284
3 51 66283
39 67 31048
36 63 11344
41 74 52659
5 58 44469
38 4 8302
45 8 27976
9 20 28427
2 68 45699
68 50 7405
48 64 75482
59 26 54489
47 17 85325
80 27 93100
58 61 74778
13 3 20048
58 34 15388
53 52 4022
37 14 54344
29 61 66418
72 36 83378
39 45 32794
15 63 3345
62 49 32778
60 34 40783
76 6 55571
21 77 95360
63 9 19090
73 5 9972
36 52 90039
28 46 5037
50 72 7300
59 9 96947
72 4 48883
20 50 9141
65 56 882
44 13 74884
4 60 69493
43 3 20354
78 28 64787
77 24 73923
54 43 32531
70 40 98518
57 4 79332
74 18 21643
18 20 78173
50 51 44520
42 64 19708
77 52 83558
26 76 16764
46 61 15058
23 11 51380
12 27 83207
26 70 49220
64 12 68903
6 40 95528
12 47 41863
51 57 14968
17 6 13612
48 66 80730
12 11 51267
76 25 33438
41 45 75995
46 25 37517
5 56 1455
45 25 55757
53 19 30509
66 35 80580
65 26 67598
70 74 33616
35 17 40275
73 62 36192
43 16 11331
75 35 31951
34 12 62006
41 49 27768
22 60 89727
22 3 60112
12 55 59986
17 50 78973
68 65 29065
42 22 56525
20 45 55851
42 60 24598
36 39 16987
54 69 30804
69 37 47053
25 1 8733
53 1 93702
79 51 78424
54 7 95864
10 1 65117
78 63 25360
45 51 23133
57 52 30178
62 8 56813
32 22 71468
17 22 44232
74 24 40141
38 35 31937
61 21 26769
45 16 39999
21 47 92561
29 66 59067
13 4 86786
8 32 44629
29 63 37412
44 6 39734
17 5 36241
73 39 99596
59 50 54721
34 46 83593
56 35 67738
76 29 32201
57 14 67248
67 62 15005
61 32 49745
62 17 20954
24 20 54989
48 29 40972
64 26 58066
58 74 87067
55 3 65596
72 49 90881
3 73 20169
62 29 5502
77 64 11907
49 50 45653
80 18 84962
1 27 34626
7 29 90189
49 5 31878
39 35 19267
51 44 64980
34 52 63992
23 45 80275
31 41 26501
55 13 7224
20 11 12004
43 22 84988
24 9 62312
74 27 3262
24 42 5467
41 79 99567
17 41 31875
1 65 24083
72 78 58458
24 35 88388
10 30 6550
70 68 41651
49 67 83286
75 71 97589
7 14 57525
46 15 67264
26 75 65858
40 2 19403
61 30 7503
31 19 99311
65 75 35815
39 65 23213
42 80 67848
25 29 25257
63 33 32210
7 27 22776
18 40 89350
17 78 36184
61 52 92774
27 8 38936
64 37 19189
47 41 32372
32 50 35665
41 46 47404
64 34 81978
52 65 32184
58 30 16709
31 73 62195
12 38 82646
53 33 26991
13 60 99302
36 1 92274
56 37 37811
45 19 38473
62 52 33774
68 78 25220
71 51 43775
26 38 89556
64 35 67860
31 35 23996
2 37 80966
60 72 15296
70 63 28041
21 57 31959
56 70 97936
31 40 46191
43 13 26085
21 55 59534
59 16 38980
57 76 35681
59 10 22814
75 6 2416
51 58 12811
27 14 59355
15 45 77082
30 5 19725
35 22 41381
11 42 41598
48 6 22045
79 14 79992
32 53 80671
20 6 18307
23 66 96138
6 78 75671
32 58 70634
15 66 25294
9 43 1119
22 73 44018
49 63 52045
69 65 6068
80 77 66611
2 73 975
2 52 3895
61 20 13698
80 52 15920
47 2 54392
31 61 6351
55 41 21292
32 60 77145
69 68 1125
71 36 52446
62 51 13077
27 62 61560
36 65 88922
8 57 51385
5 13 54537
57 33 75096
36 51 90584
4 46 86494
40 61 64551
57 22 48315
80 60 13662
49 35 95745
47 69 37760
62 7 17020
32 51 5579
52 30 22322
22 64 74641
68 10 46618
41 57 46361
59 67 99161
69 26 27241
8 38 94876
1 69 41655
19 55 87590
62 70 49605
50 67 56142
80 61 29839
14 24 76667
62 2 12883
22 56 87570
29 47 71068
61 10 84949
61 63 55294
5 69 70597
63 46 15582
68 66 98935
45 30 69999
25 23 6274
9 56 78823
55 72 21801
79 38 12041
51 52 50127
64 43 25755
52 55 72265
22 4 75845
34 77 509
37 20 30359
37 72 37172
77 7 12833
41 66 54335
66 11 39931
19 63 51138
70 64 30224
31 50 69497
54 13 40072
58 4 35727
58 22 62604
16 7 70305
80 39 96368
14 72 32766
70 36 6304
48 23 3578
73 43 22738
75 46 33728
7 41 89139
18 72 17942
76 11 20139
74 59 88396
33 55 22296
34 24 52148
63 68 39368
76 14 15795
20 7 91892
51 68 58003
79 15 15568
70 4 58414
22 5 81220
17 40 38999
34 4 33456
29 1 60551
74 39 94026
40 26 91222
1 44 43260
60 71 7438
54 56 77099
22 61 1516
1 13 48022
11 36 4739
59 52 32816
55 30 22059
44 2 52056
47 3 44715
40 69 74606
7 36 57173
6 69 67560
56 19 49241
54 75 52102
38 67 93014
5 21 37512
10 9 25559
54 67 5787
42 9 30048
27 72 66950
53 7 21104
47 76 83631
24 59 57650
57 45 56223
48 65 43532
43 55 71840
73 23 62003
80 40 68290
15 56 79883
17 58 57454
71 38 16064
26 77 50481
5 2 22058
33 78 47619
28 64 94081
54 48 76099
51 70 87058
68 67 93168
2 26 85475
27 64 66540
73 13 30923
41 9 78579
35 78 84992
21 76 78960
59 51 7470
12 39 93875
9 35 38134
67 78 52424
6 61 87031
36 60 3047
34 5 17669
54 55 16929
76 60 4467
72 38 64478
79 8 7470
2 69 79021
20 31 18829
55 22 82868
16 42 50190
80 29 37652
58 24 22699
38 60 21952
68 5 60301
7 34 91422
43 4 48973
62 58 69598
28 8 432
14 49 81625
25 65 89927
78 10 33700
28 2 21761
10 41 6371
48 61 45383
33 26 91143
66 75 8378
65 13 44424
78 37 75666
24 54 22360
21 32 95581
36 9 38537
58 56 2929
4 49 79943
80 50 4162
55 79 21000
57 65 23277
70 17 93476
49 52 11112
52 63 68667
22 76 26493
27 2 33786
50 6 32375
11 71 50855
46 50 5407
47 44 65968
70 19 53821
59 68 30763
32 27 86767
22 71 78774
43 49 9287
15 1 5143
53 25 40293
55 44 25970
55 24 27628
19 78 85031
6 47 56805
32 15 65940
5 57 4709
59 62 11635
36 57 59996
57 31 3552
47 15 77642
28 33 7498
2 33 89190
26 68 60974
48 37 39166
40 58 36990
32 40 13817
2 57 62173
20 38 33224
33 70 92004
76 43 7800
56 72 66207
65 45 75290
32 3 95787
74 64 61841
16 44 68008
37 24 79668
72 71 95758
50 71 61546
50 64 78365
62 48 74597
8 73 34040
10 50 57093
30 74 75221
33 64 5648
66 70 58060
26 74 24424
68 4 98128
69 29 18663
2 1 99349
41 29 95917
1 34 86284
37 70 41330
79 19 63370
79 9 31085
65 34 66779
39 71 23884
1 67 12929
29 14 81260
66 50 4800
57 74 36145
60 79 37780
23 68 92184
14 78 56013
55 51 35411
73 34 81080
30 9 49831
76 61 81106
41 44 22210
77 16 76873
16 73 38234
36 28 20310
15 16 78312
65 5 95910
54 35 90026
18 23 63300
29 67 55352
52 15 91434
4 12 41442
55 14 14880
6 30 43706
29 16 89018
77 28 10590
6 13 66144
11 5 8932
50 63 78911
22 25 94994
23 77 6791
51 77 81279
62 46 94907
12 18 87288
37 7 39574
52 6 81544
17 68 11986
64 53 15847
35 32 75911
35 79 93853
10 67 61308
17 2 47749
23 67 59223
77 11 14922
26 28 65173
24 57 61034
71 29 87540
76 1 9390
33 32 94902
35 44 84192
7 76 92422
6 79 34444
23 51 1889
38 58 23266
16 57 25951
23 39 61669
79 80 45950
58 76 75885
35 60 75104
51 24 90607
79 27 28253
14 42 76826
38 7 46774
43 8 91500
21 41 22479
10 56 76645
22 77 91313
57 61 39571
10 32 25404
65 10 48001
30 18 12493
3 21 1144
14 12 32731
4 51 54132
55 56 3192
79 16 98742
54 26 44671
69 25 38621
80 53 9589
62 35 34646
46 17 85704
74 8 56504
27 26 74170
38 54 68696
67 3 88539
34 47 3651
20 64 36406
66 69 67113
78 21 6080
38 28 52309
9 47 95739
59 46 83242
9 37 11208
14 53 14484
5 48 98691
43 79 91535
76 38 65544
4 61 94897
37 34 69916
3 48 43134
15 38 58362
4 41 57330
11 32 15782
4 62 88700
61 5 29933
42 70 86600
60 54 25111
39 22 115
60 15 69445
67 13 83640
24 66 34935
21 62 70327
40 47 59495
14 73 28064
69 33 59049
30 36 64367
51 15 6161
45 4 20466
74 15 10887
9 68 87355
29 77 68724
62 76 5579
53 41 85850
74 32 34381
67 56 91308
80 11 48113
60 24 68956
54 2 68396
63 17 50795
30 59 2281
17 9 16955
12 70 8585
37 6 56811
27 56 98221
70 46 61418
19 33 38858
12 3 67533
60 9 90549
28 12 43006
23 78 18581
1 49 53109
37 60 15698
11 28 3168
72 54 94657
80 58 24275
52 41 15823
66 65 46600
33 35 35383
58 47 46685
17 65 69358
36 54 3283
38 18 21013
18 58 6501
36 42 83545
76 12 1988
50 28 23351
46 69 71389
49 10 69510
42 75 77651
57 69 10065
19 28 19620
16 30 26682
29 12 88990
42 1 73316
6 10 57828
70 23 25083
74 66 72806
4 15 93750
59 35 66842
57 50 55731
11 46 78562
3 40 30614
80 20 89814
61 17 1835
49 11 81559
15 41 88494
53 59 85146
61 25 38661
2 31 93908
70 24 59926
25 59 82094
36 62 47083
23 10 34540
73 45 37829
33 22 60801
5 71 91011
37 46 95682
56 61 66609
65 55 60308
79 69 1700
27 16 92307
71 37 12057
60 78 52118
53 17 66865
67 75 59307
5 74 21263
60 40 61498
77 62 96177
68 75 98963
34 80 28997
15 3 16310
16 53 18451
60 44 45822
7 10 34561
41 40 39964
48 13 70769
32 47 32591
12 48 19725
20 60 23078
13 75 26005
70 39 68368
22 45 13717
70 6 99740
75 7 79373
1 35 29783
28 63 78995
1 43 40426
3 70 55601
77 41 90543
60 6 19973
68 19 50194
48 68 13670
48 57 99834
47 4 27291
55 18 16947
22 13 70770
35 76 2492
15 24 50048
76 40 5812
65 64 6559
56 13 91520
22 15 50739
31 1 64113
13 36 62989
2 39 4155
48 75 64430
72 58 56680
45 56 87058
48 31 60256
63 73 26580
77 61 68979
54 20 21263
23 30 24319
13 12 40606
11 24 86871
76 67 35029
23 12 96058
78 64 34574
38 13 93873
72 12 96444
3 37 40283
55 47 8867
55 67 29266
70 79 24270
50 5 20407
13 76 81768
45 60 87729
58 59 19692
28 35 94701
73 29 27928
78 46 23130
14 16 69312
51 69 4667
51 39 30415
78 7 61620
64 61 48614
46 14 63944
9 28 42971
17 34 82312
9 80 73942
73 46 39655
80 35 97823
65 51 92200
28 6 58475
25 70 49514
69 28 41907
13 52 51883
20 2 7851
12 75 17718
55 11 76335
3 4 48229
32 2 75615
53 35 7117
72 22 49883
72 53 93200
32 78 33824
61 43 34052
1 74 37474
43 33 46540
13 9 511
62 42 177
37 49 71391
63 64 34355
19 69 17712
48 33 33943
69 44 72006
51 29 52686
36 44 86625
25 9 45663
73 57 7833
71 59 420
61 27 28996
37 50 18396
4 48 91339
63 65 44301
51 46 91013
78 22 22886
15 7 37159
52 17 49559
22 8 75949
55 31 78580
32 28 13485
25 64 6204
41 19 79654
61 16 5191
74 54 61193
12 46 54760
39 30 35978
52 40 78804
73 42 14425
23 54 59541
79 1 23316
57 7 53896
20 28 27361
41 38 69532
37 13 18428
24 19 61664
13 57 6902
33 73 67468
2 70 64445
3 56 40862
30 15 19108
15 44 5003
35 50 62849
52 42 97760
68 37 17162
24 6 52697
28 42 33725
13 39 24219
52 68 58279
12 42 92097
16 6 3721
9 33 15817
30 48 48435
20 15 68677
3 34 97872
3 19 42404
73 18 56350
56 53 99461
50 34 74487
5 16 26857
30 62 75554
64 41 8598
78 3 77682
44 18 13640
78 52 87315
30 37 61531
33 4 88832
40 39 12803
3 62 71581
51 30 3398
49 74 98534
44 67 26013
51 43 75907
34 22 97655
59 47 53362
46 23 93443
18 75 2670
50 74 33953
18 45 75893
42 5 18422
72 43 64578
31 47 24769
47 70 99346
14 45 89817
16 21 27183
51 18 45711
54 21 18826
46 33 83883
17 66 7934
17 37 94483
30 68 79692
17 16 34262
79 18 45222
8 37 76629
80 2 40171
14 17 10871
39 66 58167
23 13 14621
20 25 23049
46 7 75255
37 59 56015
66 54 91379
71 42 7958
64 44 95576
6 53 828
35 14 83043
43 10 76578
77 66 17299
30 24 86422
40 23 32292
18 31 29933
15 36 92416
77 37 9067
2 66 42859
13 50 56725
37 31 51830
22 18 34514
40 63 91118
72 8 55817
21 43 90336
67 65 35190
47 68 77547
20 4 63200
66 56 72416
78 8 83481
75 31 59595
62 79 42270
22 38 7532
22 29 8276
54 22 48631
31 29 57349
36 5 42898
71 70 15077
62 75 19991
57 46 57064
79 54 76487
38 56 78341
19 38 6971
67 16 44502
3 60 77631
75 37 49227
33 41 87923
80 33 18081
37 43 44724
37 28 89972
75 57 86355
8 31 28666
71 13 25329
7 59 44672
50 25 27507
55 28 9542
55 46 54094
65 38 40950
26 25 19461
79 12 44918
7 66 31985
54 76 27339
28 53 76892
72 63 20697
66 20 58666
46 32 17922
77 30 66594
49 25 9743
68 41 30394
57 68 75564
41 13 13283
9 75 21018
2 18 64362
70 61 23102
45 75 79776
72 35 15716
72 40 37937
5 40 75501
25 15 51083
37 42 40313
61 35 66452
48 21 36832
1 24 53587
49 66 2614
69 3 85295
57 10 70786
24 79 89643
35 41 79218
16 35 20010
53 50 95606
62 78 19142
10 58 16739
80 68 13279
28 56 86939
68 31 70948
42 30 97244
52 56 67159
7 49 10694
34 25 16623
53 18 12499
31 56 95732
8 39 37687
28 59 83240
75 5 14636
32 39 90929
70 67 63923
14 5 46920
50 23 89293
53 75 86748
5 31 5659
10 44 34806
43 26 23167
48 53 20683
39 4 52797
76 15 15868
75 23 3424
34 62 24542
57 44 86678
37 76 11950
14 28 23624
71 73 69271
2 3 83358
56 14 20439
10 4 91905
68 24 36480
64 21 93667
18 42 82431
65 3 71704
57 64 3632
80 76 9262
15 11 3269
18 9 86984
2 25 27581
29 44 54147
21 25 78521
33 8 14227
29 11 9924
76 45 56777
52 39 41305
64 39 47681
8 9 76875
63 16 26217
42 59 5036
29 39 13932
27 47 37801
47 54 96929
76 64 32711
11 65 872
20 77 5816
64 68 63910
30 11 61987
36 34 77538
18 25 54746
73 74 3306
9 15 63406
33 34 11061
9 76 5436
34 51 87363
52 26 69864
53 71 78309
37 22 51845
42 69 67971
48 18 14646
26 57 32748
60 53 29428
45 11 50796
23 2 16433
13 42 53380
64 38 93082
19 22 92603
56 44 32320
68 13 5805
27 39 47017
76 50 47609
2 63 56583
38 16 25168
74 46 70315
23 21 89109
1 71 80530
34 59 59028
61 15 89542
3 61 27985
63 66 24102
15 49 24679
51 12 44164
76 59 6966
25 41 56530
48 52 89112
58 12 49315
16 33 45117
48 11 45776
66 61 37894
64 67 82276
63 69 40950
70 41 98056
31 70 41410
35 51 46138
49 34 935
28 39 79962
3 44 48828
40 4 8139
26 23 29249
37 80 17149
2 76 29736
46 60 43697
43 5 43929
27 34 78127
69 16 93201
52 79 21141
68 42 51150
32 25 60564
1 52 66542
4 36 84016
62 50 86221
72 44 48806
32 55 78634
8 68 22135
33 39 60107
22 21 30094
55 68 43815
44 79 7657
37 40 18182
21 1 54034
42 8 65452
54 63 14270
23 6 62481
50 41 46100
45 24 64377
18 37 37504
52 37 75968
62 72 39552
44 20 91935
50 24 28360
40 66 9045
70 43 93241
68 1 46346
74 19 42697
3 16 75320
77 69 47286
21 15 22852
6 27 18407
22 67 95275
38 36 73533
28 62 57838
67 37 6114
68 34 98673
60 26 152
28 58 37877
80 54 35905
35 25 3371
19 5 62351
16 39 13026
19 17 45328
45 53 97044
27 29 92926
63 5 86471
12 6 27886
60 50 66544
15 75 89812
49 55 57522
14 4 388
47 36 49341
32 67 98663
70 45 10355
43 53 82751
14 75 58960
22 46 41102
9 71 17863
48 78 93603
27 24 85080
45 49 43186
54 15 75929
13 53 21591
70 65 15647
44 27 98458
65 33 16478
2 67 24702
8 63 39956
68 49 95252
60 12 37786
13 40 93013
3 50 39590
24 62 32914
25 43 7242
7 63 8720
20 75 43425
10 19 70045
25 4 48998
70 50 98508
74 37 89524
21 10 80255
34 15 7936
54 25 36786
47 14 45304
69 62 46906
1 51 45724
9 31 95072
25 28 66768
36 40 11069
15 58 57378
76 36 83254
36 45 56506
61 72 27792
77 56 58110
38 63 35350
72 19 92201
64 23 37089
28 29 46440
30 75 33105
9 51 85609
6 73 58330
77 53 19320
36 32 18629
33 52 1701
64 17 43811
31 30 2550
68 18 16247
56 36 42492
74 71 99421
76 34 20851
5 33 83995
49 59 72197
65 15 13043
26 20 51057
2 42 9263
28 66 85649
58 37 96973
2 12 69581
42 78 92134
31 76 66444
18 29 20644
19 66 53486
37 23 26256
39 17 70121
60 17 41942
1 38 76962
22 28 26685
62 57 74354
37 10 15865
64 8 60049
7 39 68470
40 65 64084
72 2 36790
33 76 30668
50 69 87747
45 37 41583
41 48 65352
67 47 50428
17 4 14002
73 50 47864
37 47 77031
55 57 99850
1 66 79891
36 55 81559
61 33 94304
51 22 2430
47 13 71213
66 36 80522
75 55 37242
20 39 31113
13 69 98371
46 43 29135
58 48 75567
26 56 90495
80 25 82228
5 53 28785
63 35 85890
20 76 19011
15 77 70520
24 13 45174
67 9 18687
11 38 50863
11 35 55693
24 4 70464
16 36 77863
32 6 2841
39 56 74745
65 23 21345
21 37 45786
4 74 24778
26 67 91184
65 73 42572
46 71 15227
8 76 47516
65 27 77973
34 30 95877
19 2 95236
6 19 6491
60 52 73872
38 55 72614
44 33 56011
68 33 45530
34 66 67438
48 19 75897
19 47 79644
41 37 91115
69 70 18582
57 77 46008
44 42 52395
80 10 4360
18 71 44336
80 65 46435
54 39 58597
29 54 96463
9 16 11511
55 60 53518
16 10 2345
46 20 77625
34 6 73938
36 64 98812
54 51 10103
16 54 82118
4 53 99162
80 71 4420
52 69 78536
6 74 29568
38 30 94299
55 20 42531
63 67 58668
37 73 11922
11 16 93889
25 19 33418
77 12 61652
10 15 52643
43 7 73822
2 51 84504
17 74 29621
66 58 50151
19 15 84381
60 16 79079
71 16 17499
68 36 67617
11 2 95932
79 13 25636
68 6 79052
29 37 61490
32 64 97607
56 21 16847
12 25 28167
4 31 1344
75 78 38079
1 62 83696
60 66 70510
31 28 27441
51 74 57504
34 38 82004
41 58 16420
21 74 40381
62 39 7674
54 59 48023
26 21 91576
67 79 25297
65 2 48493
48 17 27937
78 20 75082
50 39 56726
37 26 23733
44 71 90309
22 36 70602
72 1 22090
47 61 402
24 17 21578
79 45 67927
26 66 90551
11 78 82873
36 14 93606
57 35 11666
66 52 35405
28 5 22475
56 62 33634
43 69 3593
53 51 82469
67 43 36396
36 24 46914
63 37 54417
20 59 75996
57 32 6521
11 51 58901
44 43 22782
79 36 35354
