80 3000
13 39 25093
21 63 66820
43 39 36854
72 78 77158
55 27 4086
57 5 54449
17 23 61271
60 79 20740
35 59 48394
5 12 93248
73 46 95935
52 79 22216
77 40 45470
45 21 16291
75 11 29311
33 71 32993
71 8 62963
19 47 51514
53 28 43562
61 40 58010
37 14 82727
47 77 54831
73 41 61810
64 30 90501
63 9 82245
61 48 39356
23 14 84330
31 22 86223
5 72 78812
57 10 81143
3 37 39297
77 12 18089
14 49 42849
67 55 68715
15 17 2063
15 30 93488
56 42 76729
31 12 57455
51 41 45345
14 42 63561
33 15 86347
5 17 82509
60 51 50864
20 53 39846
20 24 36197
61 57 32256
67 17 13080
47 49 13999
13 37 6379
40 22 25428
18 3 65775
37 51 73822
40 34 5918
69 74 45214
51 72 67921
2 62 72259
8 75 77330
22 54 73492
30 6 43220
78 10 25280
50 36 5220
34 19 16355
29 21 55664
49 33 13762
63 46 53804
52 3 77402
44 37 58246
53 18 71451
57 64 64570
3 41 36981
58 49 45473
77 64 2329
52 5 92624
59 34 42876
7 18 43756
51 77 6511
8 65 86356
18 64 10913
6 21 57344
63 76 41638
77 72 25115
50 46 31419
80 18 2449
72 12 31816
6 37 57636
13 66 42688
1 47 39402
58 40 99565
17 7 70346
63 51 63232
14 72 4366
5 64 38028
56 73 31143
12 10 65056
26 68 95107
9 65 32433
12 32 27783
63 54 6566
2 34 49796
72 18 58446
79 42 13140
76 68 30255
14 40 96236
35 13 9274
35 79 8498
24 68 45147
54 66 36140
35 69 56777
44 17 45372
55 33 490
63 47 74084
27 69 80957
61 41 93903
38 75 86317
73 53 84176
31 30 35432
17 80 72104
21 35 15902
3 72 46211
78 69 31707
72 67 21198
77 59 67551
48 73 73303
34 56 8795
77 52 78405
33 69 85683
52 67 29808
79 31 23646
78 66 83684
33 3 65930
31 40 58991
11 36 94868
64 62 87057
1 57 59569
61 65 99352
5 35 54291
48 22 63645
48 30 75243
11 51 14137
14 68 93375
13 7 16423
59 54 67781
15 12 19023
38 49 93518
9 50 29165
49 31 3986
16 73 33501
49 27 43915
78 29 55688
72 4 23346
69 46 93940
25 26 40752
23 28 32295
25 44 9256
12 69 51016
77 17 77566
10 46 9205
16 21 6921
36 4 93528
31 42 93901
29 80 72441
57 59 99777
79 39 30478
28 31 70307
73 4 63599
8 69 23028
17 33 67556
51 12 46538
79 38 51794
49 40 33415
16 13 20654
18 57 121
59 70 95596
49 10 82486
5 26 95049
16 68 20311
43 46 42185
49 74 17506
48 2 11680
75 5 71498
62 13 2173
71 69 55562
32 2 87453
9 23 56727
64 38 76027
23 35 48423
59 40 64228
79 26 93285
38 15 14033
48 28 20353
79 69 58805
48 17 2329
40 36 72690
46 71 22824
39 19 37740
45 19 16875
31 71 31449
17 72 23229
30 18 58310
71 65 70724
68 70 26173
59 66 87329
71 16 42616
62 77 34143
32 25 78692
77 20 91394
55 68 1486
24 52 33955
16 62 56297
46 7 20250
44 58 34505
3 15 14570
35 43 70312
60 17 69627
37 63 42911
35 36 26125
1 22 47758
2 65 39685
40 30 23093
79 32 87398
7 65 26278
12 20 99802
58 2 34885
25 64 82563
60 29 41311
53 57 17678
7 26 44553
79 41 65004
46 29 26536
59 26 5133
39 9 68620
66 67 26234
79 64 20889
12 80 94714
8 78 91572
49 24 29821
23 40 84021
56 29 49143
76 40 89580
56 27 33269
67 9 57839
19 2 50813
14 63 38954
79 27 28034
45 62 18637
17 69 70460
76 33 69644
66 17 62101
48 8 94677
77 11 17179
42 24 37148
39 56 68621
60 54 40468
50 73 50209
35 27 77129
80 38 22227
10 39 36688
6 51 43426
10 32 20073
74 4 42642
42 33 97302
72 36 31146
36 43 44402
33 19 96636
57 6 25636
11 72 65673
54 12 7472
64 6 22025
52 22 86714
16 25 22017
56 38 83785
70 5 67902
68 77 18582
53 36 40881
5 32 61452
38 60 48612
75 20 54757
73 67 15756
8 60 6167
73 21 71889
58 24 94372
80 50 54712
25 22 57443
61 33 6839
71 55 30489
40 18 84096
3 45 73092
28 15 17510
39 24 18559
4 29 98036
33 63 97423
80 70 80249
25 41 83862
5 8 49920
48 1 67337
25 77 93950
17 63 3389
36 76 59987
41 70 69551
74 71 53390
79 73 25724
28 16 5033
53 29 2612
46 1 67371
49 76 93779
51 71 87832
71 47 90424
44 31 91934
23 33 44662
45 65 35483
57 17 16561
48 44 90229
35 60 44550
31 45 63263
57 25 35808
45 47 43376
62 6 79240
69 58 60025
12 4 41161
72 26 92246
79 24 47578
8 36 53116
79 14 79124
10 33 28233
15 23 2339
36 49 37078
27 53 99456
38 51 93747
25 19 47760
33 50 7451
28 1 25715
1 11 80973
37 49 86566
49 2 71106
35 15 30293
31 64 55545
79 47 45701
28 24 31305
53 40 86039
71 42 5886
49 68 79323
58 27 19264
63 1 11888
52 75 33921
74 50 32502
59 48 35599
71 24 49999
23 32 55298
32 28 55567
20 3 59848
44 46 36661
64 43 22436
63 59 75166
37 38 75592
69 26 89980
30 10 52371
61 53 30717
50 7 52043
23 79 99747
78 60 6033
79 2 24121
46 55 1692
66 32 96397
36 17 16873
10 38 86617
30 61 2916
57 52 78299
42 34 98606
59 75 5671
40 62 17451
68 63 58102
71 77 77529
63 18 8587
3 4 50879
63 79 93735
71 54 15271
36 24 43639
70 63 74181
74 34 55708
31 39 62567
5 58 23031
33 72 49952
32 7 54456
32 13 84866
67 53 28158
19 40 44601
35 28 29921
70 25 13196
43 25 22808
19 64 36819
74 6 72643
45 18 65068
53 23 51490
35 65 59358
3 22 82757
41 9 38431
15 46 2042
26 66 61540
53 35 99381
55 29 38744
54 21 30884
30 11 91901
75 70 29563
13 10 64564
12 39 50152
19 41 66458
18 20 93589
30 12 3926
74 31 35805
73 7 31461
68 35 8931
27 9 93215
44 62 50240
34 39 2039
3 24 67507
9 4 4828
21 38 55130
16 10 98573
71 40 27048
37 79 51845
5 29 37733
32 39 66775
17 31 88373
50 24 19910
14 29 98587
17 54 55270
40 6 34486
15 26 66015
37 48 59843
63 74 67282
51 31 93268
44 1 62393
37 62 78105
46 80 67100
77 13 4692
72 32 97560
2 26 27854
47 36 11724
50 64 96883
79 48 54372
54 23 94318
33 51 12467
31 70 67417
23 71 11709
23 13 21367
80 39 12292
29 11 73648
6 39 34765
32 76 31879
23 67 20475
42 54 464
18 49 71631
59 39 62174
5 30 20317
61 56 76249
29 30 5160
35 20 40143
2 23 4581
15 74 26778
22 30 53618
61 25 76713
47 27 92055
23 80 84303
58 7 7693
66 46 4310
55 74 92556
15 65 55478
79 15 6471
24 14 43278
40 35 84996
70 34 13961
8 45 32215
26 76 96877
58 36 76611
65 69 59796
78 34 96875
26 62 14512
31 35 67078
52 13 82092
2 29 97058
69 11 53582
19 65 94964
43 53 37408
52 44 12273
61 69 60999
17 51 90185
3 67 34708
59 30 69976
68 13 71942
62 7 45313
46 37 93697
11 63 89885
42 30 94550
50 78 72930
8 24 10891
74 35 85310
70 33 53912
22 44 45656
61 50 25205
22 14 34967
30 75 50887
23 65 9580
67 11 60139
68 31 68301
9 2 9169
28 12 88876
68 27 54588
52 30 36893
65 68 65667
6 77 23040
67 25 48273
12 45 62568
11 27 40119
4 51 15618
34 53 30568
67 42 77656
79 36 14018
21 43 6776
59 45 40732
4 25 4332
79 13 48951
24 16 19799
4 76 84407
46 16 96586
25 62 53012
47 3 61795
79 21 83793
28 72 62176
52 20 39735
22 57 87767
6 25 65146
58 26 5841
67 63 4385
16 33 60008
19 68 15500
64 55 20145
19 51 28240
25 50 57752
75 73 62635
79 65 45293
21 47 95904
28 33 16352
12 46 14640
51 24 6912
69 76 43130
9 59 28571
21 67 8016
51 7 42600
15 68 51541
76 16 11758
2 10 295
53 4 54320
70 22 20299
62 48 8224
53 72 77036
46 27 24415
9 54 12237
30 51 20560
61 14 47201
67 26 15073
37 31 26526
37 73 56006
1 43 86285
71 13 29134
10 37 38879
23 36 63371
24 75 65109
59 47 3334
4 37 16127
32 68 41527
61 26 81320
75 47 96851
10 75 5287
21 2 40222
21 65 10303
79 19 12476
69 50 7213
26 53 17371
18 25 571
13 47 59363
63 75 56401
25 15 91844
20 15 57759
77 76 31007
2 11 33756
62 78 11362
36 25 77489
55 16 515
13 20 51306
31 76 59817
35 29 54287
80 25 23085
39 76 74752
4 27 24439
2 30 1724
50 58 17379
35 63 2882
70 36 82118
6 8 8330
71 78 67481
78 40 74761
15 18 92825
77 9 65005
23 7 60190
20 46 38702
34 26 95299
25 58 12941
9 78 28197
21 7 40
63 44 63047
15 24 32930
8 44 58348
17 76 25620
61 35 5555
56 60 60389
37 19 23002
38 8 76048
43 59 2223
47 25 64134
9 33 13270
46 47 15301
32 9 70225
69 4 89886
22 45 46682
9 40 18036
47 31 30854
28 47 41812
77 50 53580
17 24 46423
66 31 81055
31 56 73356
26 6 42755
23 19 69712
40 45 59777
14 30 17942
74 1 99799
77 31 68162
25 66 18725
14 6 5539
10 18 39652
45 75 44964
64 75 59079
58 52 54936
56 58 7205
47 57 84968
25 73 35155
11 3 22748
76 23 15751
12 66 23867
16 59 55796
43 15 93892
12 33 51131
19 60 83476
59 42 86751
11 53 70212
36 78 66900
7 70 13390
64 1 68855
80 44 31549
9 49 8258
61 43 66649
54 6 95952
75 26 24744
71 66 6596
72 24 64895
32 33 13331
42 73 98924
52 60 98777
27 10 35082
64 73 9667
15 57 86145
60 14 68534
17 53 6453
59 41 80960
33 64 67971
10 41 85354
15 61 77622
28 42 66959
20 63 48431
78 3 13796
53 32 10190
6 71 35874
23 16 901
22 42 36083
76 57 4965
26 41 44559
56 41 16218
11 12 13553
57 70 56698
24 66 19903
21 66 76492
13 9 83436
51 69 80023
47 30 86238
49 79 300
58 48 49392
44 12 47902
67 70 93824
49 80 80031
11 61 52336
54 68 79187
54 14 86421
55 24 80466
70 37 82378
77 26 62549
41 4 1762
18 62 89542
10 55 17314
78 14 13686
37 34 98532
72 35 18208
69 66 94924
41 52 73602
63 26 56772
35 22 31238
74 5 15536
24 1 57835
12 42 36080
3 58 9616
50 54 42373
21 50 51527
20 49 34335
65 77 82553
7 22 43632
77 23 74517
15 75 29831
63 61 57222
1 62 9014
74 70 28167
22 34 23126
6 32 54658
60 75 5878
62 31 91793
20 66 3749
53 19 92204
24 78 68416
46 18 97412
62 24 12241
58 31 61139
14 67 38752
38 52 75996
73 27 88825
22 10 40354
51 45 75442
48 24 63332
53 21 67513
52 47 44600
38 69 97377
67 48 83378
77 45 30795
3 48 88104
2 1 55011
16 1 15480
22 55 22800
36 7 38024
35 41 65408
54 64 61774
6 18 58089
76 19 5836
13 4 13777
61 45 59503
64 68 69966
19 1 51643
25 60 29759
10 28 43393
7 4 84113
22 6 7628
78 28 28781
22 5 16755
72 27 37988
24 60 20158
80 2 85534
21 55 54801
72 62 22924
62 59 65406
48 27 98386
68 29 79216
62 74 24395
24 53 39341
62 17 67274
26 18 57908
64 7 20662
62 79 48566
62 35 37157
54 31 16924
76 27 14201
54 69 25176
78 51 95562
22 64 10439
38 22 58229
59 36 45039
56 51 84147
52 63 7787
45 28 75675
25 10 7844
63 30 70720
14 69 26891
78 22 68088
26 29 54939
20 16 73371
37 35 70375
38 71 86909
41 42 76469
3 66 86775
17 58 43970
29 9 71720
71 1 58938
56 70 83850
61 55 77060
75 62 58215
13 3 59700
29 62 68870
1 31 59926
68 56 87803
58 45 86927
24 23 22861
38 20 56695
15 54 14677
66 53 13122
1 58 2773
13 46 40548
66 28 10935
17 43 80762
23 63 31273
2 43 38644
4 64 99159
64 61 27505
27 62 96106
63 6 38791
76 28 45321
79 51 16816
16 31 98895
43 49 708
28 79 43353
76 61 47248
28 51 2646
20 76 75834
29 23 50665
74 27 49532
60 28 38462
26 24 10682
52 9 93366
56 71 99269
40 27 5277
26 16 44192
34 51 61718
47 4 47058
23 50 67250
29 27 37076
66 79 69080
61 9 47723
40 73 84688
78 44 35998
4 19 78507
7 11 22287
74 58 50340
5 31 47612
37 57 21931
27 8 2118
31 6 49604
66 73 50886
40 70 82519
78 63 65828
71 2 52934
2 18 29599
63 19 5761
33 5 90475
4 56 50148
41 16 570
76 78 92621
6 3 43818
6 28 42321
60 61 71840
66 4 56691
22 20 59287
55 73 24675
12 29 79084
31 8 19591
54 30 162
78 7 25698
4 22 51610
15 37 59038
70 18 77359
22 75 86413
17 20 35925
69 75 42142
23 73 16960
26 44 38429
2 59 20273
55 23 25653
14 41 89359
11 74 47491
78 32 37118
24 27 94650
65 55 57397
47 53 85223
68 47 52018
1 32 5112
24 22 33517
47 51 99765
43 34 60879
61 80 3508
10 17 84894
3 75 19717
58 6 70598
22 69 32322
28 62 55887
80 57 95960
70 46 15472
5 63 33088
47 73 6210
21 44 57974
30 53 4219
37 30 72781
13 38 13550
57 41 41972
72 20 37396
39 11 28557
50 52 36880
13 34 59983
75 80 9718
19 16 20593
35 71 76714
56 7 81139
50 44 75123
25 48 67661
9 58 10675
11 25 18196
38 26 60111
58 20 5794
11 54 87549
57 28 50236
53 62 22281
38 55 83092
8 80 2683
2 13 87549
27 13 39441
57 30 38147
26 8 80948
47 32 64864
50 22 20159
22 37 7199
29 75 64197
48 50 38154
44 39 65020
46 57 86331
17 65 46644
54 55 193
56 12 94763
6 42 33231
43 11 61211
35 9 57662
6 52 411
74 20 75667
44 73 3897
52 11 69436
47 61 82606
53 69 27628
1 75 15527
2 57 1689
61 70 71958
23 49 41122
45 23 216
52 64 28897
13 42 75585
3 74 7464
50 37 75180
4 79 5490
58 65 10747
38 14 91774
64 32 4341
20 71 4249
58 80 6872
32 27 19340
2 6 66902
17 35 90330
27 12 75307
71 57 79529
21 78 98378
28 68 82000
44 54 59228
41 20 60738
71 80 35041
14 21 47396
62 10 27783
48 6 42883
41 2 43228
26 20 12609
39 61 74954
43 65 98040
75 49 83624
72 9 95434
79 11 13123
74 38 36607
44 35 87537
78 30 77011
70 35 47835
77 69 46826
30 16 10946
41 60 27064
70 78 51601
67 71 90949
22 47 96586
34 67 26149
60 6 57807
2 74 79962
55 66 21305
8 68 22796
65 37 20729
20 23 18123
10 54 8499
15 22 89321
22 41 43619
34 23 96991
37 12 58933
44 18 7514
26 3 67502
7 60 8583
47 12 91447
43 55 23764
45 24 35865
30 20 32531
78 12 80485
64 29 88007
39 68 60798
29 50 82543
27 54 52373
76 70 29562
20 25 76169
50 41 63044
15 62 2045
36 74 18117
40 68 52645
31 2 73018
15 52 54555
66 27 18533
16 38 23339
4 55 31930
43 56 77823
62 30 17927
16 9 60889
51 50 78683
44 70 20766
44 45 17038
40 8 6522
38 34 43737
7 20 93420
17 19 39505
47 64 12385
65 47 50309
37 9 89862
10 1 82794
32 46 56861
13 65 88492
46 8 84048
57 38 1762
47 60 43131
49 8 46622
33 34 74480
5 21 23040
60 12 87768
42 66 33139
72 55 29974
52 26 4494
30 1 52280
40 60 13803
37 54 76793
49 50 14319
60 80 7178
1 9 8944
55 32 98551
7 39 75468
21 1 17452
40 74 80723
43 16 3411
20 9 58789
10 20 70196
70 50 93974
1 42 35952
21 12 26885
57 27 94548
49 73 36000
63 36 40221
25 49 79997
61 68 49167
4 42 37758
56 40 60051
44 60 3107
29 6 49183
32 67 18447
51 25 39633
18 34 81489
16 69 40462
46 65 96532
22 12 23402
65 20 78505
20 59 90587
32 65 27031
1 23 77514
61 24 10889
72 74 1439
1 76 52836
45 48 40020
57 79 43733
17 11 87665
28 77 69327
33 7 95310
8 77 11218
34 8 48961
56 22 87802
39 16 7734
6 43 95022
19 14 65479
70 20 16487
37 47 27873
53 46 17205
36 12 52877
67 5 86804
68 80 8730
74 33 1876
70 72 84542
37 52 81343
43 41 63956
6 68 20842
25 78 37505
13 78 47469
48 52 28645
55 79 89027
36 2 46587
38 76 32380
77 38 30381
78 46 91285
39 14 52784
47 48 11619
45 7 62625
14 45 75722
62 67 67571
31 20 15280
25 35 12006
41 27 6244
43 77 87310
60 2 68177
77 75 97929
15 55 94176
10 52 79004
11 73 8457
14 57 95761
25 37 95706
44 32 10845
12 24 3931
24 34 74
32 59 77109
2 27 39384
58 22 73180
44 6 60547
31 67 50519
70 55 24114
55 78 15342
42 46 2637
29 13 57361
15 49 47520
12 48 45044
61 66 81731
22 68 45775
51 36 89654
47 72 36636
32 19 64334
14 2 77262
71 62 23125
56 66 75099
38 25 70772
26 55 94478
30 72 26085
10 72 10793
70 58 31865
48 41 16607
38 35 23765
42 68 30233
71 17 67591
33 66 23262
65 60 41655
49 71 34859
22 53 75342
35 73 17958
77 66 71354
77 21 66769
64 66 87207
80 40 71083
57 9 33493
40 38 83965
35 6 67380
21 49 75807
69 2 99784
3 7 38659
48 74 41970
49 53 47054
67 16 89971
59 55 77579
51 10 96202
10 14 52038
31 57 21000
68 33 64063
36 34 59197
43 8 16761
19 52 49159
46 49 64188
46 59 60854
66 23 72411
17 64 97816
77 53 61427
66 7 45664
53 79 3954
32 11 20821
8 74 71180
35 16 2084
5 34 62297
1 40 5297
33 39 7565
61 62 75205
78 5 86879
43 52 20956
62 42 18673
28 25 24027
45 71 81641
70 32 19099
72 43 59863
57 58 94633
45 50 58382
26 54 7302
39 1 61420
36 46 42077
25 76 61321
49 30 91622
39 52 90663
6 53 60352
56 48 83295
65 10 11795
34 31 49240
59 21 1676
16 56 1365
24 37 47310
52 78 88748
45 2 3070
80 62 79389
60 76 62871
39 20 67797
50 39 48081
29 63 95856
19 43 54744
15 67 14125
69 7 5462
26 17 5913
48 72 42453
18 38 78572
53 25 99333
39 45 27572
43 51 80011
8 22 92385
78 47 30014
51 27 23933
74 21 32219
70 3 41563
29 48 85472
65 53 64976
73 69 20695
33 31 41467
56 8 44555
54 53 46679
63 2 69999
76 73 39707
50 72 6079
5 76 48997
77 34 27054
65 64 18092
38 65 13127
70 13 34755
16 70 54649
17 73 53155
80 47 55481
64 21 58273
32 20 11553
78 4 86766
21 42 99778
64 48 2105
48 21 53083
46 45 6707
55 34 73033
53 31 79411
27 63 10876
75 27 59481
44 55 93306
8 66 38342
27 78 10294
10 21 51074
31 15 38214
66 51 88913
63 64 93785
4 63 34234
79 12 22563
18 58 64238
10 24 20196
31 73 46432
80 56 49001
35 58 44268
68 48 37974
4 77 40680
73 78 92482
78 20 9401
8 12 3753
65 14 97628
56 78 54261
5 66 63149
63 45 74823
49 34 44329
15 80 82439
49 6 87399
76 66 93376
72 71 96892
36 66 25404
67 28 30503
8 4 97425
3 8 77281
69 52 37364
1 5 35280
27 28 32861
79 25 16243
8 59 72491
63 77 52322
62 46 47035
45 20 57850
31 25 45859
58 66 66158
74 53 88589
21 40 59922
34 28 89003
18 22 27433
60 62 44171
16 34 91492
74 23 59702
52 76 74712
74 64 13673
71 68 81069
51 39 80746
26 56 52112
14 8 48537
57 39 72247
60 50 631
42 19 40376
4 28 83333
31 23 1758
39 25 50256
70 53 74568
32 42 78842
50 3 15900
11 50 2004
54 16 49145
80 13 35780
51 64 98102
39 42 97099
19 80 80946
8 35 78280
4 23 61749
17 68 38445
72 69 96576
21 32 67197
61 79 43086
11 47 5540
33 67 31698
44 10 44707
49 12 66622
80 54 68162
17 13 8013
61 51 22518
53 71 19636
19 61 25113
49 54 9225
45 80 29879
6 55 28525
35 32 62532
77 41 47237
3 53 4894
22 17 95507
21 23 46829
72 45 94961
77 32 22547
71 30 18760
68 18 48338
72 38 55977
77 35 31659
27 3 87027
67 4 15521
16 27 26913
43 3 64709
1 36 53641
63 38 61640
33 37 2663
56 28 13855
44 3 96592
52 49 32762
10 60 26873
65 49 1103
17 12 62335
24 31 27354
19 49 1613
49 62 44861
8 7 50750
1 68 80770
74 46 19859
14 11 95256
72 22 44749
22 60 18239
19 73 69165
39 21 69595
47 10 44221
33 6 89731
64 59 21776
36 33 93530
26 42 76917
3 40 19277
42 55 65562
75 57 2842
27 36 46492
46 28 17649
66 43 58928
50 38 14349
9 74 86891
35 18 79145
46 9 67017
49 55 51442
1 80 26540
57 67 28909
60 42 55743
55 63 68294
74 41 45076
56 55 52681
56 9 56085
15 14 92484
62 34 35726
48 49 50343
63 31 20641
42 16 89374
7 27 94139
80 52 29749
17 25 19699
30 34 2195
1 45 97361
67 54 63736
59 13 76929
57 19 12470
9 73 61709
62 20 81896
30 7 51838
79 76 36654
49 64 47495
42 43 54166
77 18 51093
31 27 32683
60 26 12068
60 53 85181
15 16 95540
68 45 89872
62 21 90780
7 68 70169
42 8 70331
37 43 86340
50 34 83519
31 78 40392
3 1 28163
30 21 97077
36 18 45721
49 39 22139
20 42 87737
50 59 7802
3 46 84810
9 62 22508
11 46 25665
46 35 14406
16 37 7561
37 61 77589
35 11 74683
25 5 75581
37 77 27474
75 39 10643
18 13 56407
64 36 92267
65 57 12337
2 7 76328
54 78 69412
58 54 75247
30 3 22765
67 22 2562
16 49 46887
75 18 6376
57 45 29504
73 57 46912
6 27 68707
47 17 68280
76 8 42772
67 37 78186
40 11 47798
20 60 92042
11 64 80488
58 67 49774
76 80 50431
15 10 84520
14 16 75935
62 36 62566
37 45 92385
26 33 66149
55 37 30086
23 38 37061
10 69 58799
37 60 60600
72 52 55810
76 11 35687
4 70 97310
64 67 56919
56 46 12816
32 52 66209
24 30 20196
57 72 49789
38 24 18634
41 5 44437
3 63 97361
32 26 99639
52 25 97160
80 26 63476
21 70 49755
80 10 96211
70 64 84370
11 71 8191
47 6 67039
17 49 35740
34 21 10607
48 43 98556
32 74 93720
1 29 40769
59 74 54943
76 51 43200
10 29 6415
27 80 48728
58 34 5920
49 70 91950
40 33 47250
40 46 33722
63 41 12449
44 19 84798
2 5 67451
33 59 17008
70 30 26812
61 71 11709
77 36 26150
31 13 66208
74 17 94401
16 58 46326
33 77 90124
24 69 1079
69 67 43459
16 36 13226
75 37 64218
76 64 94697
29 18 2966
62 12 58604
39 30 86763
53 5 75514
16 53 62786
67 10 5410
50 76 14787
31 7 98323
79 54 98069
75 58 338
43 31 51168
75 65 85946
42 36 86514
2 39 70048
15 13 23676
73 32 93335
18 41 73304
20 29 6841
58 60 54518
18 55 80471
69 18 992
59 61 39272
40 63 61376
27 21 32254
19 48 67709
39 60 86611
10 70 82212
38 62 91342
8 23 20995
8 2 56399
5 65 49261
63 71 11759
77 46 59531
37 27 4051
19 35 11186
36 15 16000
57 33 22570
71 25 69302
34 66 36671
65 18 84001
70 66 6824
47 58 21342
9 75 77576
24 21 73961
40 43 63716
61 28 25938
4 57 4707
15 76 86051
10 19 14152
23 3 2689
37 68 5547
64 34 44565
14 27 80304
44 68 17315
61 74 96065
63 28 1905
6 11 17772
25 75 57802
61 31 51331
28 39 34969
50 40 93462
68 51 56360
2 12 47952
46 58 25124
9 69 37393
67 38 99938
74 78 34183
58 59 10037
77 58 69714
17 28 46903
14 1 29053
78 67 16978
10 7 35841
73 5 98122
55 41 2552
40 39 78824
9 44 72214
28 50 2084
23 5 96867
12 1 71929
49 5 56826
28 43 93217
63 53 34456
52 71 30669
72 7 31574
29 32 66670
45 38 29100
14 9 56151
30 46 52794
67 77 4277
11 4 81883
37 21 21345
19 18 19570
69 6 86067
38 36 94212
67 19 35646
66 22 44780
48 11 55326
11 57 72003
11 31 3081
3 14 71444
15 6 84674
80 35 93574
70 8 89952
19 12 60042
79 58 19188
80 22 29167
61 5 21958
50 68 56829
40 37 64871
6 17 8195
64 3 29431
76 2 13713
12 64 27181
62 5 76101
27 50 99861
79 40 94118
37 1 74746
56 19 37963
45 27 80465
54 24 17811
77 60 69243
6 4 30123
9 68 92690
40 48 73993
10 66 14845
4 65 16314
26 49 5478
54 3 66570
36 54 35964
11 44 41543
50 75 99754
55 9 86585
72 34 91678
35 50 3816
76 71 70700
76 41 86178
33 44 61153
57 56 24288
26 23 34551
65 70 2325
35 33 84268
50 15 22266
50 31 88656
25 46 99956
19 22 95515
13 49 45916
48 46 51333
47 7 36013
62 4 47110
15 40 34702
6 79 63670
14 77 21206
65 56 30716
76 45 31781
47 26 6169
80 53 31755
4 75 71110
1 60 72881
13 24 90539
51 9 26160
29 44 49031
31 46 954
63 15 40535
8 37 17347
44 66 27829
43 24 60656
57 42 90843
67 36 20102
48 38 83109
74 30 75067
78 80 3350
11 33 73723
44 79 55676
69 60 33038
77 39 43261
46 14 27492
27 70 22507
7 37 74586
78 59 98453
41 39 27752
70 12 21294
51 74 75585
60 72 11583
43 27 9881
33 73 14927
40 67 71394
20 28 4786
79 80 66736
45 32 89198
37 74 47801
35 55 40266
68 78 79425
54 7 95941
7 25 29549
52 65 69928
60 23 33482
24 76 16430
76 56 8766
76 37 10571
20 2 60256
2 56 80408
6 50 69132
29 31 40464
52 45 73775
25 9 17667
79 45 60919
13 45 54104
54 46 10479
28 40 43426
43 47 22011
40 57 16916
27 60 54400
58 29 98322
63 12 94724
55 12 14475
11 66 97888
55 47 85478
52 4 92752
41 62 21206
73 59 34462
62 69 77953
80 77 44668
7 24 38177
5 14 57181
60 30 58681
78 26 23964
39 35 93902
31 52 59556
14 34 89192
42 17 35448
64 80 87467
15 69 69669
19 70 1651
3 65 59466
34 46 25152
46 60 96253
13 36 73021
72 66 31286
8 25 83044
47 62 11842
34 11 43316
9 34 11976
18 23 20810
15 64 97634
80 72 91905
39 37 83276
42 10 52762
75 19 57951
12 7 55616
50 55 76765
54 13 49781
51 75 61407
56 47 74145
40 5 13893
10 9 43492
54 72 56114
32 48 63318
3 38 86666
34 44 63776
41 6 36757
29 71 4767
65 41 11913
34 47 46162
19 66 60736
54 62 21099
4 17 43316
4 59 4534
45 30 77327
33 29 98930
64 58 69011
6 1 10062
2 22 31790
24 56 75612
44 77 76673
39 29 70488
28 7 120
59 52 85950
30 17 10797
67 47 16014
47 70 49609
42 47 4027
65 27 70019
73 72 18520
60 15 27606
61 77 30094
21 18 31932
22 61 99239
54 41 71568
77 24 7089
38 41 47002
42 74 838
66 65 84739
51 29 20057
67 30 34689
15 1 73949
28 71 99969
18 48 56691
11 78 25090
62 8 36061
8 29 27049
65 1 54061
78 49 66297
30 79 63415
18 17 8551
58 23 36721
55 62 14320
35 2 45838
67 46 90763
23 51 28231
54 39 36118
54 77 91020
51 1 66409
35 51 67874
37 5 33232
27 17 11941
24 19 72385
62 11 49035
48 20 61333
66 1 7159
15 70 70167
25 30 35947
54 65 31250
28 59 89399
50 26 29154
46 68 20706
50 12 21598
30 77 70658
52 36 36134
45 33 43804
3 39 85739
76 6 23317
36 37 27979
7 80 17963
30 35 3315
78 35 83463
44 27 63819
66 63 97942
49 11 36446
47 39 18504
18 61 66389
68 67 46461
49 32 24812
65 78 15773
51 55 53711
71 3 38199
53 64 92576
6 10 38118
55 75 69979
66 52 78533
27 1 97348
41 11 58544
53 68 32633
18 16 79842
52 74 9870
2 24 73977
66 29 58540
18 56 44297
61 12 56161
67 8 72411
7 42 53129
45 43 14785
9 47 162
32 36 80402
49 3 5835
10 77 89764
34 25 60341
1 26 20134
75 28 37934
10 40 91828
54 70 53193
71 60 65949
69 23 67095
51 48 84043
28 29 79543
60 5 59291
41 58 14573
28 36 99482
44 40 94505
45 73 36490
61 38 19371
47 2 66623
60 57 32839
11 21 42934
15 51 72353
44 64 17979
67 6 54518
61 44 39039
36 57 34100
10 61 62123
28 30 56350
32 50 1947
46 64 57701
14 43 88393
20 57 32061
59 69 40812
16 77 90745
58 61 95802
28 8 66615
61 3 26415
2 72 9336
74 47 85942
45 66 88744
28 64 35150
5 48 28698
22 76 88574
18 11 56556
4 21 82895
18 60 17249
42 58 115
6 34 80861
3 56 30641
44 51 87775
25 42 3213
61 52 37478
68 25 39829
22 65 95778
22 71 41377
25 55 19783
16 52 29357
1 13 57222
8 73 48889
39 78 27110
4 33 68329
67 39 65982
15 21 10441
44 57 57028
33 60 55495
50 1 97218
66 30 79300
19 13 56823
39 72 58390
20 61 90833
46 41 98938
71 64 9987
75 46 35055
49 63 44907
36 80 2822
66 57 21645
11 26 34893
15 48 90188
66 75 376
59 60 760
36 29 39631
73 38 35227
38 43 41896
34 69 44654
43 79 61210
3 12 40836
73 14 16320
60 48 64075
51 18 76081
2 25 90472
15 32 41986
13 25 51531
34 35 18121
42 72 28735
74 75 91030
65 28 96222
79 1 66567
80 37 41676
18 1 71281
20 36 4269
73 70 30909
69 55 24817
40 26 42678
23 62 39163
63 56 88809
28 52 35109
35 67 76871
29 17 69366
16 22 52614
41 7 45747
52 55 97817
66 2 21771
50 43 32428
78 77 63850
1 69 21547
31 21 94802
71 9 35412
56 17 33286
15 44 76649
73 13 45623
69 32 53551
18 42 90098
41 13 27990
53 52 31666
40 7 12139
28 22 32773
68 69 70340
33 47 12364
58 33 85569
47 8 55747
67 79 21291
10 31 12716
71 41 53063
22 32 19893
12 58 90358
74 24 94495
16 45 51716
7 34 80411
16 61 74802
22 9 64104
43 76 2518
7 49 23132
1 78 88165
19 55 52308
9 5 45687
26 70 43021
38 59 69911
59 17 49531
65 59 53432
69 56 55972
75 40 31484
61 73 94269
50 30 49161
59 31 93324
4 15 37420
44 23 93784
4 38 26461
43 23 51315
22 63 26067
73 30 37314
60 3 84199
2 15 32633
70 39 58007
34 17 48263
24 73 18504
55 36 50775
1 25 36849
39 5 3902
62 57 11087
58 32 51295
71 43 45869
65 62 58789
80 66 61943
40 69 40574
45 78 14243
13 12 31902
54 18 43889
37 18 30980
41 29 71319
44 76 45006
72 29 9216
10 64 46140
9 12 44611
5 77 50239
8 72 75191
27 18 26016
13 44 83319
79 59 56635
42 78 4131
71 14 9212
57 12 27462
39 73 91622
38 70 80706
32 34 24725
65 11 1424
52 46 82166
30 56 88383
8 32 64152
43 63 7467
57 34 84066
50 13 23747
7 15 57792
3 2 14890
70 29 66642
22 21 46278
74 45 60683
57 13 38729
32 60 35605
20 56 86382
66 49 81691
25 54 63441
62 68 26791
47 44 46943
8 54 10589
38 19 60096
36 69 29658
62 76 16966
5 59 44387
70 45 803
63 72 32787
59 71 78373
8 13 19345
2 50 30494
54 34 21920
25 14 40654
60 31 80725
29 47 1559
78 17 36223
10 26 77699
72 16 79790
66 35 58323
29 67 32745
25 21 13499
74 28 33830
68 23 38244
45 35 91126
73 22 88828
43 4 50682
52 27 28243
69 20 80600
65 74 39142
6 59 99406
40 29 77532
13 51 23236
51 22 40643
50 17 13787
13 72 21051
75 53 70586
46 33 86708
68 4 28550
80 33 47234
25 69 40435
6 20 57744
1 73 43513
3 57 53781
41 53 21689
53 13 60582
75 67 34778
42 2 78025
65 67 69226
18 14 18051
48 39 70474
26 37 96939
39 4 53602
20 67 11314
16 79 32503
39 58 73493
60 34 15639
2 54 20592
49 29 75463
78 6 1165
59 19 67557
36 9 47766
2 78 89480
32 61 38234
43 69 79941
61 67 28494
43 44 69459
46 72 4352
63 69 94835
74 29 38262
33 24 33942
38 28 43833
69 41 62923
23 11 42170
36 71 75338
71 75 48534
14 7 88605
70 62 4888
56 6 52562
20 27 8601
69 49 54591
29 54 26430
18 33 95780
22 26 45904
63 73 97339
18 71 28074
73 3 10989
22 43 78322
21 61 12011
65 16 15497
68 30 23090
69 3 18130
58 63 53846
38 44 87825
79 46 47242
74 22 94391
32 51 48740
37 11 85045
18 9 9647
32 62 97315
79 9 32718
14 17 4581
39 53 19744
48 71 86593
16 78 37336
20 37 19643
27 33 42604
78 75 61121
1 77 35556
55 3 69136
40 17 91592
38 47 23794
44 28 43180
71 44 923
40 47 88316
72 58 57733
57 69 78164
58 4 8429
19 6 37584
32 41 14878
28 70 79142
4 10 73590
64 39 39602
9 24 56356
76 65 88759
54 1 15316
79 78 27113
47 69 27213
13 21 51761
36 75 45227
76 30 96926
5 13 63112
2 55 48810
29 37 64098
5 4 28501
40 72 3438
9 53 85577
7 76 38611
53 8 83460
80 11 39774
66 39 46297
13 67 51712
17 79 10020
52 73 31298
2 70 25607
7 1 80338
13 6 50176
5 36 10874
42 27 85556
6 38 88851
22 49 44547
2 67 60138
40 13 73952
51 49 36428
44 30 43724
65 63 96180
3 80 27234
14 4 67464
10 74 37208
34 79 40641
67 1 54388
73 68 52184
11 19 96527
22 79 95480
80 34 89122
3 79 1954
20 79 67791
70 14 18038
73 36 1444
31 26 45585
44 69 17680
55 40 48848
4 44 82266
50 16 19953
32 75 70189
12 35 58360
43 33 81443
26 12 30757
34 68 51223
48 55 47525
20 64 15877
54 51 71255
42 64 43935
19 7 37743
2 52 50086
76 59 69710
65 30 99786
21 76 12944
52 7 98746
69 80 7157
40 4 50669
19 8 96157
23 59 82070
74 12 16596
48 13 78569
11 20 47801
35 10 93342
63 48 73536
31 69 77174
15 73 45439
18 66 15906
43 68 96837
4 50 6044
11 13 5584
68 36 7615
73 54 28507
35 47 17671
64 2 9378
62 56 78905
2 33 77532
10 59 64421
74 13 61341
75 21 55149
35 52 64452
18 39 889
22 62 40958
1 52 81462
27 19 93952
54 47 19438
36 3 60199
43 74 90444
69 28 17361
26 19 29056
75 42 60206
37 23 73329
48 77 82096
42 69 9993
46 22 35036
43 7 78189
18 12 82469
10 36 51732
21 58 92983
24 11 81262
19 72 20297
20 5 26177
58 13 74601
74 54 11661
72 76 82432
46 26 95044
72 1 24317
52 40 33655
5 68 92276
18 76 73729
19 54 76065
13 26 6944
23 6 89267
38 17 62935
41 66 50023
42 29 62189
12 71 83654
37 71 88551
45 11 98837
37 56 29077
73 65 37487
27 71 3124
8 52 73136
17 16 55122
68 3 33568
70 9 29085
62 73 70389
80 24 72396
16 75 94474
8 64 60558
63 16 66605
40 20 4543
36 30 25932
10 58 76831
48 65 20626
24 5 27296
37 64 89777
64 56 78020
38 54 53836
49 56 64317
20 21 32814
54 52 27450
20 43 18883
57 43 35461
30 33 46979
67 41 17761
62 51 64025
23 42 7588
30 27 60632
68 59 98126
38 1 89624
40 32 34941
26 51 98905
64 35 65057
15 72 30761
16 57 45879
53 48 43705
78 48 47896
58 68 12920
3 5 34080
27 26 99010
33 22 13953
26 36 85316
72 65 71111
26 57 95855
29 3 59610
24 40 81509
48 36 4155
59 24 36432
26 4 94141
74 18 1656
27 34 43272
32 4 10289
48 57 26545
58 71 71356
48 80 51489
37 69 32882
75 13 24572
71 4 40003
73 18 54396
43 12 64453
76 34 6659
7 55 40818
55 30 72321
11 16 89242
36 31 96197
7 59 50492
71 5 10616
36 22 42130
41 21 40076
38 27 46687
36 65 74618
67 56 23556
19 20 64195
29 79 45515
73 2 98791
51 52 78123
44 24 3164
8 17 16723
6 24 79218
31 19 60220
59 12 76302
77 19 98520
54 76 52486
32 38 30380
29 45 31345
3 21 67312
42 15 52164
75 76 46545
70 60 39237
50 79 26901
5 43 96499
59 51 7698
21 51 27414
56 74 50466
73 6 73875
13 14 52000
7 44 20409
55 77 55504
52 70 71140
14 74 51104
39 62 46753
2 51 70679
76 3 54964
74 60 11461
22 11 69385
28 2 11
27 5 49290
3 10 50235
21 56 10908
80 41 76922
76 67 89671
53 45 18355
63 57 59792
46 4 72067
25 65 492
73 20 10983
44 74 32484
5 18 73247
32 3 20206
33 78 98815
9 3 9032
55 45 38295
25 24 7176
7 5 36908
41 33 58350
25 59 2164
40 12 45723
12 34 76324
50 19 48503
48 33 56846
60 13 87055
53 56 7550
66 47 60589
14 31 71425
48 76 50400
75 7 32870
17 70 84974
52 34 94856
28 55 89697
74 19 53840
29 52 48771
72 59 37521
58 43 63719
56 11 48301
27 23 58619
26 43 45470
76 42 64851
13 56 25114
66 9 44989
24 35 3131
50 47 74700
77 27 41343
53 59 17922
15 9 26634
7 77 40048
72 23 12255
28 18 52346
41 78 57453
77 42 89528
75 33 22334
1 35 17130
8 57 28590
10 68 72703
34 61 68542
80 31 23408
41 36 44401
6 80 45983
76 14 54183
56 32 97473
35 54 30343
9 11 79163
80 65 35274
53 15 7626
73 60 72408
63 39 15262
11 42 14829
65 6 57380
55 13 47321
1 20 68525
28 13 97617
65 50 24424
63 42 72048
16 60 31927
59 44 18049
80 55 13263
50 8 9747
32 31 95250
12 38 97779
37 41 89824
8 18 22126
1 53 17259
39 26 41461
70 71 62187
53 44 11910
22 29 65081
62 66 7763
80 43 69338
15 11 996
30 38 45041
63 24 49232
47 41 34317
24 46 62863
67 80 85882
32 18 31131
42 9 98966
79 71 91918
23 30 12878
37 59 43346
80 42 29135
35 57 13131
45 36 20698
41 23 7555
5 79 98198
29 69 10324
13 76 71463
61 1 26517
29 15 28668
8 1 35509
17 39 88313
56 44 37296
77 57 22129
7 29 40988
19 46 16035
79 75 1035
68 2 60393
68 20 27666
22 23 65386
69 13 44348
38 7 77006
51 16 28464
45 54 52770
52 33 88031
57 74 52792
19 78 56234
49 1 66355
3 51 64635
51 80 62998
28 19 10078
79 56 7393
56 52 58649
19 3 41668
21 26 95497
46 21 62318
5 19 36950
5 44 44358
59 67 27931
11 59 11574
2 46 5697
33 53 28004
18 24 82314
15 5 72484
35 14 7853
23 12 59634
75 41 77187
51 8 62191
73 12 65007
35 42 63314
3 16 53166
33 8 39348
31 41 25331
62 50 59187
29 43 15522
2 44 19630
28 54 27320
55 14 36332
18 31 26392
12 16 98355
40 25 64185
6 45 1711
23 48 96485
51 58 20492
26 30 41303
18 52 1217
51 20 85971
67 27 2193
66 74 40387
74 76 23192
4 35 37147
7 74 64987
10 76 93901
73 80 95247
44 41 63060
72 61 39229
9 17 78591
43 32 41824
57 51 6636
20 80 21807
64 23 52947
48 9 72838
15 27 26828
72 31 34025
52 23 9797
32 71 75985
45 15 24313
6 9 31779
53 37 6312
37 72 76004
77 79 77819
33 1 88244
72 56 88180
14 32 61011
74 26 82030
54 43 87915
24 65 76941
14 47 30569
48 7 49845
67 45 71298
12 25 72932
42 49 94152
42 40 55524
39 65 35047
65 51 82356
30 9 42946
32 17 55382
51 73 29072
21 60 4696
1 4 75296
7 35 10935
66 68 40345
4 80 10602
70 23 83027
60 63 5265
74 16 62717
41 64 98119
11 10 66815
56 10 83744
25 3 51048
71 7 2538
2 40 64732
53 76 6379
33 79 58141
16 6 84628
71 21 69328
34 71 16927
16 64 66224
4 18 92940
33 38 86657
64 45 31138
29 24 31793
36 61 35311
2 16 79847
58 19 91331
46 51 81420
79 70 18935
41 28 52633
43 18 92595
19 15 63785
63 7 57349
17 3 68450
17 45 8579
48 69 26727
39 27 25289
11 38 22060
75 34 14736
41 15 22340
26 71 64466
69 5 92496
61 75 47343
52 42 78127
12 41 99574
30 32 34082
57 55 92882
32 24 34992
34 4 8670
14 44 59932
63 80 73490
75 23 95164
47 20 13775
10 23 23227
73 43 68207
45 34 84702
52 17 80177
37 17 64770
60 66 20242
41 40 56351
8 55 9500
26 48 41642
5 51 51384
32 57 59601
28 9 57386
31 38 82397
23 57 56366
9 60 20514
56 14 46136
56 36 8834
73 77 63577
23 56 78096
27 25 96716
12 67 96125
9 7 34438
31 48 19406
6 5 97347
13 43 45420
15 39 90507
48 35 68742
5 46 61027
56 59 50299
78 37 6366
5 56 36610
24 70 8666
53 10 91630
26 45 33737
11 68 82843
39 23 64994
54 5 65347
58 76 56673
39 74 64785
6 61 36898
5 80 91015
14 64 70162
38 29 245
42 5 39445
65 42 51207
45 4 49912
13 64 90852
35 75 75818
54 40 36474
30 19 57412
21 19 16305
57 29 56141
57 68 92346
50 56 38828
76 12 5801
58 14 67279
10 71 7777
34 65 54842
8 20 80103
75 68 69585
28 37 13330
30 41 92228
68 41 8030
61 42 57534
6 75 54950
67 60 9255
51 53 82381
9 38 93328
57 54 44939
46 61 6293
28 49 20481
54 56 89779
5 45 18469
10 50 62398
69 39 45439
14 33 25803
64 26 17893
41 24 96158
33 25 18562
8 79 54407
6 66 69890
38 42 18634
8 30 22967
52 21 53026
15 58 76856
72 75 2693
42 50 17481
47 76 90777
34 41 32636
73 34 65189
68 12 21822
53 58 12467
8 16 8867
66 14 11614
62 33 20790
20 14 47637
15 8 31290
8 11 78317
75 2 53760
70 69 88611
56 15 32094
49 45 45198
14 62 2053
41 72 97245
31 55 94130
4 31 46134
6 7 91078
25 23 91053
20 34 30743
29 25 37801
20 33 89557
73 29 31951
13 33 58164
36 19 23843
41 45 70120
12 75 94454
61 27 90457
75 56 33995
21 28 22460
24 47 61340
15 78 41057
9 21 11510
54 75 66373
9 43 62760
29 59 66844
50 66 97010
30 58 58207
16 29 85930
54 20 77593
42 51 59134
61 54 80125
5 10 78791
64 40 62934
13 61 78920
35 3 36999
37 66 84981
80 74 49480
77 2 42335
28 5 73327
10 63 10652
4 48 41273
45 69 51578
65 12 53361
11 5 50917
80 14 49570
67 24 95053
7 57 31580
69 21 21565
77 49 16213
78 61 76668
63 34 39690
16 7 17552
9 64 41104
39 36 19262
73 26 43100
20 4 93160
79 10 77325
14 48 62083
8 61 97061
63 50 34725
68 21 65971
31 65 69505
47 18 75420
67 7 70630
34 48 39318
38 39 4828
57 50 55179
30 43 48753
9 80 96827
28 26 10639
13 22 10701
12 53 24950
56 45 96372
12 14 51779
28 3 71269
25 72 76322
79 18 65165
77 22 27124
71 73 69432
18 59 47467
43 10 7996
72 6 69120
29 76 87025
76 46 13014
25 74 80383
44 75 85110
55 60 31104
63 62 7635
1 55 93569
44 42 56833
38 68 59406
1 59 88260
26 65 50729
31 3 10779
34 3 85958
75 31 46013
34 29 32681
62 19 94674
5 47 9774
17 61 79529
39 8 72907
22 39 581
76 55 52512
63 8 66964
53 14 11133
33 65 24755
63 13 41233
49 60 11153
4 60 72674
40 16 10515
4 61 14569
79 74 71681
72 79 75564
33 54 69179
78 53 80063
27 59 86954
64 60 91328
23 78 23384
78 58 87609
72 44 16869
42 48 75478
58 73 6447
47 16 2726
60 11 82645
24 57 1011
58 28 49866
15 34 80254
62 43 1496
38 46 7916
39 55 82027
21 72 38916
79 68 82240
19 9 12961
51 67 76826
21 17 18184
53 38 81178
67 43 91952
39 71 6023
17 75 44572
41 1 46109
26 9 87488
40 51 17277
14 51 28117
