80 1000
67 37 90566
43 8 83568
4 55 27776
80 63 86010
26 52 44907
71 17 51429
19 59 2963
3 5 19850
30 36 59779
43 39 73064
79 38 41080
22 10 18630
59 13 83029
13 78 87158
47 2 53022
52 47 9531
37 12 1169
77 21 38345
8 27 17217
36 62 91388
48 64 71782
29 59 56587
53 36 89804
33 6 91314
38 51 97588
4 35 6968
14 41 82976
16 20 70404
13 65 1083
70 13 36402
42 79 28330
23 32 30262
41 53 76330
32 41 79731
13 30 37537
30 46 65528
69 68 76224
30 34 13530
58 72 18451
42 45 58841
13 12 60744
16 15 65408
18 31 10213
47 21 53318
23 26 48078
33 52 39095
26 76 77839
69 75 39121
58 21 81226
64 12 46151
76 11 93981
47 5 65042
8 76 99924
51 64 9600
46 70 16513
64 79 87856
26 53 36774
25 80 64997
25 54 70279
9 15 61678
54 55 22942
38 62 3745
58 1 35971
65 76 77927
73 36 17085
42 29 65487
79 32 42931
9 19 2846
27 54 83124
57 43 64269
38 74 67431
55 23 47311
31 51 94010
44 70 24555
62 18 5878
44 73 8407
5 56 12210
3 10 3018
65 67 49192
48 47 3843
7 39 52228
44 62 40512
68 79 18777
25 33 50248
16 52 90511
46 16 30405
30 74 31371
31 50 28494
67 57 54878
24 4 67179
18 32 83417
15 38 78491
49 61 25912
50 49 44572
29 76 27207
3 12 84022
1 77 5429
41 20 99004
41 65 67638
32 39 93975
20 57 25350
15 48 36332
2 51 54410
57 21 98721
20 58 53132
28 65 8384
66 27 40555
20 29 15348
56 68 43005
29 22 5394
3 2 95397
44 49 54260
32 12 7471
43 74 53049
34 66 56125
14 20 166
7 62 9005
59 73 96290
24 74 80063
34 39 50254
55 62 25309
13 39 35051
18 6 75017
24 59 49237
45 14 89057
19 10 32936
24 5 51549
47 45 38851
67 31 24371
6 60 59679
11 22 33846
36 47 75876
39 3 17754
14 59 43398
2 79 44480
60 47 27395
48 36 73546
28 32 35325
42 31 47909
57 30 66078
56 66 70721
41 43 13378
47 59 13072
4 26 64052
31 37 50769
42 23 92382
70 67 53520
34 72 10475
42 17 8308
70 65 91958
59 8 61186
32 63 76517
61 17 51319
37 19 96555
17 62 95919
38 63 19309
24 49 69122
16 57 61106
19 78 18561
52 53 7291
13 5 49279
41 44 45641
17 55 79541
63 31 5834
49 13 73234
17 80 20120
78 43 51942
73 6 53002
30 12 84690
35 73 7200
55 40 79576
21 13 66327
9 77 38115
2 49 58891
42 50 27672
56 14 30258
50 12 5633
14 51 60401
8 55 16250
45 28 44446
59 31 50238
16 5 71007
3 28 32820
4 7 32309
61 23 88982
6 34 75555
69 35 20213
10 68 15495
13 66 62912
12 15 27471
40 70 29184
34 78 18540
71 13 18537
19 77 71661
6 12 22343
75 74 60171
23 21 73783
18 12 70888
54 63 55583
20 70 61287
26 5 62267
9 25 34102
3 8 59714
47 34 16963
8 63 41311
45 65 88211
8 56 41145
53 14 85876
46 73 57215
75 23 53135
66 49 97962
18 74 48947
29 80 36928
29 4 43673
20 56 81565
18 37 45931
49 17 70825
64 46 92741
64 31 92483
35 42 18768
50 14 36550
79 5 92997
45 79 86246
66 50 18150
59 51 74000
52 5 99360
80 57 9697
24 39 13474
8 32 11148
10 38 50392
2 40 34782
73 11 26294
53 25 51988
48 43 85199
20 68 48824
64 42 51062
39 35 87184
50 11 58828
57 51 63826
60 79 18641
12 14 20133
26 33 82560
42 26 37591
17 56 88431
24 29 12211
16 24 95195
78 39 82200
62 65 58655
37 40 8980
23 45 3152
5 40 34319
74 72 41078
33 46 73107
4 71 95626
80 44 29173
3 26 77005
37 57 31334
69 20 58388
44 27 92183
37 9 60074
42 65 40883
24 7 24754
15 73 31650
39 9 83749
39 41 82331
35 80 17614
39 50 89277
20 53 8965
9 72 49068
28 7 26096
47 41 7742
3 27 89043
79 49 42760
10 78 48876
37 44 87233
36 25 74508
12 75 22880
67 75 9217
71 79 82586
22 40 28978
24 15 85067
47 73 82957
78 9 78103
62 33 42395
32 20 62886
60 29 92693
42 43 2995
2 48 25866
2 56 25477
38 48 97892
31 1 90136
73 67 24856
40 63 44030
70 9 93577
22 68 59386
53 77 58718
24 13 13555
70 58 84256
23 67 61683
44 39 32176
64 78 77445
28 42 90830
1 6 37771
78 58 74212
60 50 54911
77 33 14527
37 72 46003
56 39 33878
50 67 25922
59 66 93239
46 5 98452
41 31 20370
33 53 21335
22 24 34640
61 30 2401
18 61 24834
29 36 1708
25 79 63179
39 74 52383
46 65 68384
45 60 55838
17 10 56020
28 8 89447
78 11 98265
31 10 30123
61 19 55413
47 69 6557
23 1 66757
38 78 22341
73 65 18499
3 32 49559
78 47 67386
65 2 47048
76 52 95741
78 23 25274
8 11 79004
36 77 85219
2 8 15987
43 50 2922
38 77 93979
12 41 45370
71 39 43956
45 26 41625
53 45 18147
22 1 22015
62 70 5494
53 12 81602
33 5 1705
44 22 38611
51 35 27125
46 80 59145
18 42 75117
6 11 27273
64 62 16193
12 55 64595
11 20 15379
70 77 67545
23 11 90695
78 33 69561
49 71 74481
43 55 48831
13 56 81239
41 63 58398
41 52 78014
1 67 72923
22 45 41713
55 11 8583
73 75 33315
55 71 78357
66 17 36201
47 16 23751
41 71 91711
11 59 90510
35 36 9431
49 15 30851
74 6 78807
12 68 26666
60 33 12830
73 48 13271
6 79 78518
50 63 77818
35 61 47272
68 38 15655
48 61 85182
13 63 9395
49 67 55293
15 18 6369
46 56 92903
26 56 78366
60 80 90654
80 66 60292
66 76 24158
62 16 67240
49 19 46483
26 58 23440
37 52 60274
34 52 59305
32 73 42139
42 25 89373
54 21 94110
15 69 91419
18 23 51928
55 1 24579
46 68 72030
12 20 88558
2 23 17443
20 21 77885
73 4 12046
74 44 4365
43 14 90882
72 38 84245
12 77 61762
54 65 58228
70 56 63553
8 62 81166
65 66 80878
7 79 83555
31 32 62586
10 62 63817
7 70 29549
44 3 74766
39 62 11678
57 42 6532
15 40 51919
50 37 48876
75 60 11959
63 44 87954
6 29 37687
52 38 54493
67 4 80100
45 75 95880
43 65 6169
61 59 64357
49 53 41895
80 78 33347
79 78 69212
72 16 17293
34 69 86944
21 73 67657
70 33 52320
71 54 18935
39 8 11528
27 36 16346
43 53 75331
64 21 25784
38 1 63325
56 19 42541
4 36 96916
15 55 81214
13 28 40402
25 3 88029
40 48 79906
70 19 19564
3 62 41254
66 70 31554
26 57 22033
53 57 29399
16 31 99653
7 38 94944
57 23 65454
8 41 13801
61 60 43720
24 48 9294
11 33 87483
77 25 48054
47 31 5434
79 29 13787
2 32 12095
49 46 78894
62 68 30356
51 19 2604
53 54 30669
9 75 85961
54 17 83283
4 33 3164
48 65 49270
24 68 5135
50 76 12467
15 32 89597
56 7 96795
1 18 7449
7 60 1300
11 52 12228
17 18 8106
62 42 17493
27 33 64957
6 46 45233
13 44 3381
69 37 64166
78 76 99652
41 7 85407
22 61 31105
39 52 64384
42 8 92117
52 23 96438
15 27 66714
52 57 41570
38 40 79334
47 51 88720
68 80 88200
25 58 97692
65 78 32176
45 59 37437
6 9 69186
79 9 67021
47 3 61837
4 78 7364
66 62 37519
19 11 86569
54 70 86859
73 70 84501
37 73 61335
6 69 2382
54 31 4289
47 46 81085
61 67 46660
77 78 44484
19 8 6739
54 13 20400
26 59 63521
46 71 70034
58 53 87447
59 40 74677
74 79 50023
80 73 90591
27 24 68409
42 53 6405
23 24 3799
10 4 62129
45 69 58482
60 19 11956
31 80 85025
57 19 63648
5 18 26964
47 14 75942
68 43 38274
77 75 8029
24 61 50182
63 2 54992
27 65 82900
44 59 30557
2 59 76736
28 20 24771
40 79 44403
33 75 86318
49 28 24603
23 16 30312
58 15 87585
80 2 29383
32 40 65500
58 38 98396
78 27 44371
46 48 3268
25 28 56777
32 52 38503
34 4 33196
60 55 81566
32 30 50487
17 35 2186
45 46 61284
10 24 43905
35 57 73774
58 43 79500
3 24 81057
51 67 83980
47 80 7500
21 2 32963
72 29 89608
9 18 74581
55 38 8476
24 21 44128
11 51 7059
78 35 90100
7 36 23402
68 76 37933
8 1 93901
43 44 16902
33 42 60557
74 34 55140
53 44 86982
8 75 15123
80 75 47339
10 36 6405
6 64 78107
75 1 38130
13 36 58046
79 41 52975
74 60 57360
74 8 935
10 70 55195
73 57 4607
49 60 12752
25 8 22791
53 8 98457
76 10 83991
78 8 42141
27 7 34306
79 22 31914
54 23 95876
33 51 55062
44 12 85767
73 71 68151
31 76 39716
54 51 45399
44 50 65644
18 8 59436
68 60 62219
56 58 42275
72 18 90495
45 21 56458
12 28 95289
72 59 17086
37 45 76944
54 58 10062
9 1 31911
67 35 22328
2 6 68243
37 62 57224
63 12 14726
6 53 34366
66 45 18816
14 1 54589
12 74 9144
63 59 3921
39 1 81697
4 28 61106
57 60 96628
49 74 85638
1 5 22441
76 41 47489
18 50 73564
9 30 60160
11 25 79091
68 19 32581
5 12 96152
47 50 62735
12 1 32800
26 34 63190
30 44 42737
80 59 12670
19 40 2483
15 39 45135
39 25 3553
23 13 49675
74 23 28621
52 63 92333
37 32 47209
68 2 33450
20 27 63211
55 6 67330
42 51 83327
54 67 48647
8 54 62986
19 52 4989
61 1 14351
80 39 50128
14 25 97972
40 53 89975
39 79 85723
15 46 10706
3 75 51732
70 41 19618
69 39 56060
23 33 44864
11 30 50253
33 38 30676
65 38 38961
38 53 83930
9 66 50340
67 30 47142
78 31 50775
19 63 55215
19 24 21318
77 31 86350
38 8 11669
37 27 76729
55 25 87542
52 68 67689
55 65 81474
22 5 32748
22 32 38681
1 50 96268
10 53 5300
51 21 25342
49 18 4906
68 74 29815
69 64 71435
66 36 41505
19 31 78322
17 75 8967
40 52 67590
67 62 40671
32 25 53518
30 39 48390
23 14 63085
18 2 80476
8 6 21407
75 68 80629
33 59 20905
70 14 57748
4 43 18524
71 45 94673
46 34 98542
60 70 90496
16 51 16178
46 3 69106
56 57 57051
63 30 35945
14 39 22029
69 19 14899
74 21 6279
74 9 37382
28 38 82724
41 25 88733
38 22 72189
41 55 11976
25 51 19881
36 26 24325
29 7 64513
50 19 20796
74 3 74339
33 39 11939
45 35 63848
48 10 78604
80 42 35443
51 61 63693
49 76 80686
38 12 58351
11 79 39614
61 52 89830
73 19 39086
67 3 57784
79 18 35432
36 37 18212
9 20 44613
18 68 9096
23 19 56303
57 38 56344
39 77 61642
9 14 59179
64 71 46907
17 57 20077
12 16 60162
23 59 29331
40 76 70049
49 9 26424
55 34 4847
15 80 45151
31 68 85563
75 71 95318
21 7 57020
78 57 72379
17 67 96466
6 25 9820
62 23 65908
71 44 52096
2 20 43457
7 47 66252
65 22 38464
25 75 76863
30 80 77136
29 25 79053
76 45 62151
67 68 17084
14 15 89714
40 62 985
19 67 65970
46 44 69845
65 74 51597
53 4 55508
64 59 64631
69 79 4881
74 27 78689
9 62 94528
74 31 37872
69 80 77500
66 11 28753
57 9 85766
63 6 13102
45 13 64330
31 56 25512
14 32 36053
80 55 37882
70 75 9513
14 48 82508
12 31 73432
16 1 44713
2 4 80779
66 10 22800
22 9 52013
67 40 24716
60 36 67658
60 64 98490
72 56 2535
77 29 69831
14 54 38316
61 43 43222
56 21 42618
12 27 90195
71 63 22449
36 79 28022
68 61 96665
56 34 66522
3 61 85958
49 75 39321
18 3 50538
47 6 78191
52 36 23002
15 25 49084
15 66 75665
76 74 13407
19 55 14643
71 14 13122
43 54 79885
1 46 93872
59 12 98998
78 68 94197
70 68 42053
29 48 47897
66 69 12213
32 13 84806
4 14 4779
51 79 23653
10 30 82252
17 2 5782
13 1 77226
7 13 69374
20 71 76920
65 10 76264
2 45 54761
17 36 98396
69 17 16497
11 28 87637
63 65 34718
6 57 41881
47 19 82512
36 67 12416
3 41 56169
28 43 18100
57 69 69803
7 17 16979
1 66 57443
23 49 12474
1 19 27661
42 13 92673
78 44 66166
12 4 26912
25 22 62156
59 68 86756
78 55 82829
51 28 5841
77 51 9699
72 42 22075
58 31 37828
45 78 50854
5 31 35510
20 43 33219
30 71 57691
30 22 35276
4 74 3628
61 26 59147
7 75 14119
11 75 42772
14 69 7487
39 64 94229
63 74 35943
20 42 48277
7 6 37305
17 24 12178
32 55 99395
5 28 68457
74 57 93405
21 79 18043
62 25 92279
63 67 69716
48 6 32713
49 45 38227
55 24 93313
26 73 66846
79 10 27612
69 2 3074
20 15 17168
79 72 34492
48 28 75492
67 12 77001
62 30 93498
37 5 82809
73 74 45851
10 32 29369
28 71 54885
65 3 89336
72 22 98946
64 80 19736
54 36 56521
68 3 35069
17 72 52081
46 14 60218
74 40 23642
33 19 5960
52 66 38041
75 64 35341
42 78 63156
64 27 81335
37 47 72644
72 3 48359
64 41 61133
19 64 71611
54 40 56979
58 27 29092
33 74 89623
65 9 52083
77 62 96848
37 35 25447
46 13 68078
69 54 85225
70 16 87994
57 59 5758
48 74 26866
75 48 88732
50 78 1370
75 29 91912
57 3 35594
27 16 34870
59 9 50913
1 64 42122
68 16 48427
10 43 95226
69 18 90786
7 18 34457
73 49 57912
70 63 84240
35 16 96475
74 62 32837
42 5 72156
34 62 27591
64 47 8053
68 28 33873
45 32 2549
27 60 98714
70 18 38092
2 35 44235
62 14 44726
38 61 31318
54 76 95178
48 67 38475
55 47 15805
59 27 7391
46 32 25742
18 45 68119
66 55 91194
45 4 15102
26 70 60988
78 54 12051
43 56 38867
62 60 97541
26 51 23278
7 42 97787
71 24 19717
59 55 51628
54 48 7463
2 73 69236
72 28 75565
11 35 20374
23 20 62402
62 41 28747
61 79 96232
78 67 89596
45 44 89513
48 12 53548
67 26 6108
23 73 34756
80 16 24464
7 2 46903
38 71 15403
75 61 36660
24 36 78643
55 51 48406
10 2 20043
22 42 12241
50 8 89728
50 20 31262
30 52 71117
14 68 14405
79 50 78993
33 2 147
27 5 692
57 63 70290
56 78 76177
12 62 42418
56 69 43323
53 22 82006
45 72 23751
60 4 43843
31 40 4766
77 27 45540
10 13 33609
19 38 73665
71 77 26659
2 26 15716
21 5 93666
