80 2000
56 67 79879
57 56 21574
35 39 73716
64 24 93234
40 23 4989
42 71 72236
23 80 41682
18 39 85426
57 46 29968
28 70 19179
35 26 52342
54 63 6610
45 71 62276
18 31 70006
31 51 31626
51 69 4284
50 1 88841
4 54 17571
8 63 73319
54 40 57967
1 61 81031
68 13 69755
42 3 95354
45 49 9705
31 10 92169
68 10 10275
58 61 23796
29 72 94674
36 9 93044
56 32 63499
29 26 75575
44 43 2713
55 67 74828
24 3 49585
27 80 73162
62 79 83361
12 10 5339
57 41 60012
46 47 94099
57 80 62142
68 66 41126
8 33 2352
68 71 82591
73 42 84082
60 52 64829
13 16 18903
8 80 12385
48 24 65473
20 62 14594
67 79 27300
77 27 41836
76 45 5643
46 55 2302
20 5 50684
57 60 50303
8 24 36343
6 20 45885
9 20 38219
10 32 78578
56 42 37735
18 77 85289
35 70 81423
30 17 82821
46 65 66805
48 6 91652
19 28 42775
68 49 15534
51 55 5581
13 49 27837
61 62 82047
46 12 3804
27 31 23146
8 67 85239
45 14 30521
61 65 30181
63 1 57370
76 30 67641
35 49 21588
54 17 62826
2 55 8706
36 12 50565
45 52 2161
15 33 90828
65 27 56814
63 60 99308
69 36 54656
58 36 95322
79 54 38607
56 16 62000
33 80 3180
51 58 23172
2 49 7154
40 49 35827
61 39 57156
5 63 93784
16 18 11025
41 6 66577
49 46 20255
65 33 26281
35 58 57365
38 58 86970
62 59 7559
36 68 54099
5 70 74786
46 73 41993
11 19 33311
70 55 92410
11 27 29569
8 68 54810
70 36 54476
1 66 76965
72 66 30958
61 23 27359
76 39 13271
80 7 99380
50 49 50078
74 21 30007
38 26 75050
67 17 20782
9 11 67614
63 6 22937
13 32 21549
42 64 89870
28 6 97500
48 64 73725
50 13 93548
75 49 61846
63 14 47939
63 75 37814
11 42 18328
26 64 56364
75 73 60118
73 36 12922
7 31 60549
62 36 35998
62 72 83371
80 43 34556
51 36 20893
9 48 12514
15 73 1953
51 38 87298
54 29 34813
71 47 24937
36 50 18481
17 3 1983
80 56 24707
40 41 19786
12 71 94244
16 73 19121
2 15 75304
49 11 50272
51 53 51217
77 9 28242
64 38 86344
42 74 86680
37 26 7385
75 3 53542
56 27 96073
18 13 24954
69 33 23568
23 6 46742
66 7 4171
69 58 12140
41 31 65949
71 33 92489
60 54 35870
37 57 81549
49 77 71708
14 73 95399
32 29 43620
56 8 9389
38 60 56256
78 56 10284
27 9 24819
63 79 48244
37 39 78004
9 23 80684
28 44 74478
68 48 47718
50 79 68885
23 63 28189
74 35 49515
54 58 32187
77 44 31686
60 36 60647
9 60 57588
64 45 91358
52 28 9937
56 20 70095
21 57 61314
70 23 64114
17 7 18238
73 44 98507
42 57 63933
15 68 73882
60 40 50224
60 67 44751
58 23 60744
57 18 7224
32 11 85009
71 20 90925
56 6 75932
76 43 34037
65 68 12365
21 26 18040
12 26 2295
6 26 7483
13 28 66029
3 44 23397
42 25 45100
19 7 86667
11 33 43197
39 64 11664
1 25 24260
46 38 48264
73 71 68275
72 75 2385
77 70 95100
78 26 19204
17 78 26514
23 25 76724
2 8 11431
6 62 7858
38 47 43291
32 55 83656
48 18 4456
6 64 5090
21 52 99033
7 2 23204
19 77 83621
59 22 11876
64 10 84658
29 11 53606
43 38 39515
16 36 2341
60 53 26319
16 7 25132
80 5 59180
52 48 28719
24 11 24393
66 54 3186
15 59 70098
22 77 7200
32 30 15955
56 59 43578
76 44 88067
22 76 16094
29 78 29736
5 61 33476
48 53 63351
20 27 53271
30 45 82258
18 74 27511
41 5 65176
30 38 38973
28 2 65762
77 25 13372
19 23 77255
40 29 8169
66 6 98499
79 8 68365
32 46 66426
57 15 11468
40 69 83486
48 29 32068
6 70 41408
77 48 55948
28 68 80660
42 23 55636
55 8 74958
80 22 61799
79 74 15812
49 26 46912
40 56 94422
65 47 75404
22 45 32386
41 65 91787
42 36 86302
47 40 55359
63 47 26581
46 44 88664
68 34 92144
27 28 45095
75 18 9719
77 73 8016
24 10 15376
77 59 37224
21 61 20216
44 36 1661
15 61 47160
60 18 23771
46 36 87866
47 8 57454
73 11 61318
52 63 41241
17 23 37055
40 37 2610
23 22 72806
30 22 90049
52 44 82150
56 25 63462
66 59 75133
8 38 27500
27 76 13606
49 42 24851
19 56 31208
10 1 79331
56 2 37014
23 35 58528
8 13 70960
8 49 80120
58 45 55655
34 17 30409
28 77 35770
46 78 42890
14 15 81984
26 36 53986
10 11 75462
60 24 6475
44 40 63311
52 64 31301
10 34 39874
61 60 80037
47 22 43677
10 22 11637
14 22 47405
33 36 23821
73 48 22664
62 57 73958
49 3 87982
7 38 3133
7 62 61667
75 48 49382
31 9 22174
41 75 22580
15 49 21545
7 55 12150
75 57 48134
60 45 78363
45 4 79695
16 24 91151
73 39 39068
41 9 2278
43 59 23983
45 11 46830
6 42 89281
26 5 61399
1 16 51690
4 23 24041
70 39 22291
31 25 38116
19 68 154
66 25 95030
61 41 47586
34 25 11125
2 52 63446
5 14 945
66 43 40296
29 55 25919
20 70 26522
78 22 41493
10 59 88978
57 52 65768
25 57 40645
73 57 67179
66 19 78791
67 33 54921
21 12 26331
26 63 88692
32 72 64718
52 37 3226
77 64 21251
76 38 84017
46 75 11088
15 65 26649
16 61 81110
8 51 5731
36 24 20484
63 68 28720
26 68 82583
43 51 97242
74 49 58230
54 74 43805
50 19 63347
67 69 7621
12 44 33555
58 10 69473
64 76 21995
15 75 17606
30 77 90336
69 74 71689
46 63 7737
54 59 97152
54 22 73274
79 13 33948
43 39 85350
17 24 66458
45 44 36006
19 63 21126
29 77 97479
14 37 24684
64 73 42659
36 31 41823
55 18 63009
1 13 77070
61 34 17216
75 11 83975
16 35 73495
57 58 65152
57 12 1356
78 43 62605
35 38 34113
27 25 1243
75 71 28617
63 62 7856
72 55 72532
3 2 47095
9 78 10368
10 39 95620
67 75 60011
30 20 34793
42 67 60124
9 50 5057
24 27 96930
12 62 2720
23 31 6220
53 70 1697
32 78 45082
49 27 29116
1 9 82588
14 72 26372
18 21 18309
18 25 38253
53 42 95645
71 54 97492
17 6 2215
3 79 84870
47 43 23094
17 9 41300
1 48 74724
22 55 35787
46 60 31739
2 26 86504
42 68 29326
24 65 83896
36 22 31336
67 1 3084
50 45 24473
11 71 45306
35 45 75149
38 65 2164
39 46 30125
58 67 84273
19 45 13636
32 36 78954
1 72 10824
5 76 71028
51 73 92362
37 64 70764
29 67 86725
71 36 38747
2 68 37285
75 14 76262
74 23 35061
22 63 52534
38 72 45579
11 35 36039
62 31 69704
17 12 45980
66 60 73600
23 46 67349
45 43 93871
41 10 15821
28 72 35097
44 17 53289
31 28 79564
56 12 18655
34 79 15965
78 16 43765
26 40 51433
29 12 97336
19 43 29596
3 67 98823
37 80 25659
50 28 8559
10 43 55037
61 46 34759
33 9 97822
48 56 10733
16 52 7778
12 35 17694
74 80 93550
30 71 50435
44 20 89409
52 9 14261
75 61 44966
22 15 70292
18 54 65642
17 56 76668
74 34 85876
38 70 1569
34 27 62216
42 65 86165
45 66 62751
2 18 51812
54 36 80030
59 2 53499
20 48 83673
33 50 24871
25 22 77117
74 76 84794
9 63 39691
41 47 80297
77 66 61171
74 67 59710
18 36 50210
37 20 79793
18 28 24183
35 17 32949
80 17 98970
80 53 58407
41 27 17264
16 63 17204
13 39 27280
7 61 65874
14 28 95545
39 48 13977
8 34 53227
58 17 12177
41 79 87154
74 61 67856
68 80 38017
23 48 12774
21 41 5085
72 56 62418
54 57 26107
43 73 55137
7 23 34003
21 3 39720
42 9 35982
79 75 50756
66 34 1061
54 45 74108
46 8 95271
59 30 28411
12 78 15987
1 77 66533
62 15 38597
5 21 91811
57 1 32288
36 63 57810
38 33 16626
41 77 61951
67 61 14068
13 66 74913
29 58 73518
31 76 66583
14 76 69719
54 67 22430
47 67 58132
23 68 3811
29 50 8370
24 14 36726
2 80 99226
52 1 71118
49 16 93867
12 80 12967
29 36 52660
56 52 77886
38 6 35648
16 60 87755
4 44 51506
49 30 4576
23 29 33980
12 49 69782
7 5 58849
44 7 46893
37 43 1753
22 71 76724
45 73 16572
7 6 75500
21 28 36189
70 18 65700
10 60 56477
80 41 39651
1 4 11121
14 48 81312
19 60 93421
74 73 18819
12 32 85817
53 50 98108
4 78 69560
78 58 93874
32 57 85911
74 26 52424
76 28 37
37 65 15429
10 6 84436
72 11 73334
54 31 41245
44 21 62295
47 7 15911
7 72 4883
18 45 50725
64 25 68662
52 27 82659
53 4 59743
17 71 32837
66 41 63933
54 10 28953
45 67 94495
60 49 32119
10 69 66524
79 20 96038
76 80 8246
62 67 10923
16 69 19811
32 15 37504
1 39 92710
1 54 16442
53 77 43242
8 72 23183
17 25 4138
11 41 15905
44 34 1344
46 24 59462
52 53 22785
51 71 9662
12 39 33490
55 53 34399
76 53 38326
76 68 5003
18 76 63284
54 11 97050
59 60 714
31 73 442
24 73 35780
6 74 9627
2 63 53886
62 2 20586
64 40 86240
30 80 52459
70 62 53611
26 19 43088
79 21 42779
75 39 52420
44 39 83015
51 46 96518
80 71 15972
65 63 54723
19 8 82780
79 29 1326
67 71 22849
45 74 81526
24 31 2371
27 55 51419
49 80 68081
50 15 54216
59 32 83576
62 4 42800
42 77 73819
43 9 27105
62 71 20474
56 45 96671
2 30 88735
21 14 26281
50 4 24244
59 36 80528
59 42 12243
42 75 16070
53 71 50688
45 55 35257
31 20 53816
3 54 90212
73 3 30228
72 13 21258
76 65 45744
77 3 90764
27 21 47030
67 18 82714
31 78 25248
52 70 25154
51 3 3923
48 21 34225
32 27 72056
45 24 56941
61 47 94522
78 27 86187
2 23 24916
5 65 95417
58 70 91319
1 37 53059
14 33 88449
67 64 92668
58 40 36024
61 29 3661
67 26 36816
60 35 5138
10 28 4809
5 3 87664
73 20 12541
79 60 49479
5 40 67003
10 21 7041
24 6 96448
22 44 20402
58 64 87746
79 5 44592
73 1 47330
66 49 21735
74 20 17808
8 45 82165
47 31 41662
75 36 15851
62 26 55280
5 25 93812
50 65 47918
24 19 50797
22 70 53468
21 7 62576
13 33 45263
27 48 2063
18 80 89833
20 58 31430
14 56 9386
62 10 68730
31 40 19185
6 68 9084
8 62 8071
5 4 12617
75 17 77001
73 60 76099
45 80 30650
52 25 68096
62 73 23766
6 9 80369
29 24 40239
76 24 38608
34 3 34672
20 32 19288
11 20 99785
77 16 47362
37 73 54581
70 8 75211
29 49 4911
78 77 8172
8 3 2272
39 30 82727
17 15 49204
14 60 11877
41 13 65828
52 23 7827
7 52 249
80 48 60893
73 49 69382
48 4 89566
37 24 9589
2 45 72812
35 25 63611
21 66 97909
50 46 81783
15 3 57896
7 28 60623
4 24 90447
61 10 54843
72 80 52896
17 59 77384
6 25 34260
12 19 4005
26 48 97138
54 28 74702
75 62 93802
8 23 70704
55 62 13735
65 80 82633
1 71 95400
47 34 88860
22 66 22303
9 51 48327
32 8 31076
50 32 65016
11 53 634
42 50 88819
79 57 23582
21 29 43093
79 49 34996
50 55 57634
52 35 54439
78 23 12976
13 29 97913
44 75 15681
4 58 7351
33 41 35926
72 39 31205
19 70 89415
40 57 29134
27 36 38551
27 1 22981
12 55 32446
10 35 66957
41 37 95274
17 73 8515
68 61 65656
41 55 33014
75 32 47703
64 8 66654
37 27 85111
16 54 78684
4 39 64086
70 71 27682
11 39 61948
78 47 29105
38 9 83508
11 26 31435
48 45 68886
28 56 78489
40 28 83910
78 33 90498
54 46 58382
6 18 42829
30 56 96322
12 20 36094
48 30 93236
49 24 33546
1 35 2111
55 48 26323
31 63 84340
79 19 46834
5 18 84959
66 29 62778
54 23 18626
29 18 44286
57 3 14420
40 62 73210
46 69 86704
61 64 68738
74 29 30739
38 50 62048
74 7 20288
31 80 33425
58 31 55196
35 78 74984
14 25 46056
45 65 38668
15 29 28501
51 66 70986
9 71 65503
26 15 47506
37 42 39693
21 67 211
28 32 71929
77 36 6477
4 28 46140
47 55 33091
22 8 78440
52 75 22720
80 34 66125
71 57 90532
24 18 64757
28 74 1899
47 45 14717
12 38 57306
38 67 75448
61 18 96234
16 37 11355
28 78 52534
79 65 59121
3 7 39597
43 52 7589
29 76 17939
34 70 35112
39 79 66851
21 31 98130
56 71 20333
74 47 11984
30 3 34429
31 3 77889
71 16 68411
79 17 7741
79 44 13082
32 47 68968
66 75 26357
59 6 33206
51 16 79250
36 20 20165
22 6 18498
26 75 3794
4 30 72947
68 3 84216
52 36 90066
69 29 72770
78 55 93359
37 35 73142
7 79 92224
67 35 6535
64 23 84885
33 45 54527
33 6 68898
78 71 68322
40 79 86166
70 75 64090
40 7 22002
24 78 45031
79 47 6183
41 34 42298
70 13 2776
66 47 75976
10 72 26165
80 6 13919
40 67 69464
61 56 10701
2 43 95408
25 65 18397
42 19 37225
21 70 1918
1 49 13917
56 18 17297
9 67 84047
12 60 50584
11 66 41247
29 31 51527
64 71 77733
8 59 71310
21 1 956
52 38 23554
31 77 98706
31 66 42207
22 72 60034
8 11 42222
22 60 39353
34 45 7297
61 44 48904
38 73 93419
6 72 39645
75 27 64686
61 32 59084
46 1 69459
25 12 81078
15 44 98621
74 55 99578
59 44 21506
21 22 55612
30 8 29422
77 8 2610
44 47 24508
40 51 73112
73 30 33703
28 65 67373
41 1 81460
62 30 79108
67 23 13083
69 41 31602
71 8 67603
42 35 10629
56 53 19252
14 26 64589
21 78 58613
79 23 14122
64 44 39474
32 41 35766
30 16 34137
24 51 724
28 20 52641
17 57 72008
72 70 34115
38 13 81022
63 80 21232
67 10 63300
35 5 57646
42 72 47733
65 69 43351
37 59 13152
65 64 3952
42 38 48548
3 32 96922
13 51 83477
17 38 44471
24 41 21750
77 45 65944
28 66 54301
59 9 50230
2 11 95978
69 34 44168
19 74 24579
50 78 56670
42 26 24156
13 71 2278
18 65 32716
47 36 61547
33 60 99015
80 64 97792
69 43 46333
58 55 7211
55 57 54284
10 80 29547
1 59 72376
75 9 68922
78 48 82133
5 39 13801
7 39 66723
68 21 74235
5 56 63254
27 6 64307
70 66 69564
23 5 26618
22 51 37574
72 61 59645
48 13 30512
80 21 40631
77 80 30713
78 38 72890
9 21 63159
1 2 54560
65 16 74987
77 14 59525
38 71 31812
11 31 22889
26 13 52411
78 15 90434
41 74 79814
42 44 72586
54 72 16592
63 28 6760
33 64 89189
79 76 40426
29 39 93033
13 5 80341
39 28 138
57 43 15958
24 9 85720
55 31 83888
69 71 19900
37 17 14782
66 16 13986
37 71 70731
69 38 65423
75 77 4897
23 65 22094
15 37 83783
3 56 10463
25 29 9635
46 72 17263
79 73 57311
69 44 12331
70 57 44738
40 10 76108
41 63 70193
19 62 8045
78 73 41528
38 23 72732
65 53 34883
53 31 90542
31 52 70939
11 64 5346
3 20 92758
37 49 50325
78 79 52934
11 36 60787
54 78 92426
38 4 11153
63 10 26729
71 35 18848
68 12 9283
35 73 71398
33 27 55034
60 42 26678
33 7 18278
18 64 84531
14 6 53339
64 21 79524
79 69 56012
22 39 8886
35 43 34805
3 50 60442
9 73 27758
35 50 83281
51 10 48756
19 69 50239
23 11 530
15 72 55730
75 53 46792
43 7 27381
2 71 76963
5 1 74303
54 6 85633
41 58 67363
19 35 20322
31 75 86289
68 35 62451
59 68 62531
33 28 6290
13 14 76574
37 74 66335
61 80 64079
28 75 37966
14 2 40244
62 42 16344
34 60 49475
58 49 77763
34 67 55834
20 45 29326
17 51 76270
9 62 97126
6 49 46190
76 51 33743
15 5 37327
52 30 73013
72 16 95722
22 67 65825
18 43 59342
80 44 13234
9 15 482
34 4 67962
68 30 93128
5 30 91717
13 21 64541
31 43 82810
17 5 60296
6 75 45104
8 28 22058
44 48 11978
29 35 2471
69 80 73790
16 15 20558
25 80 41370
1 42 84644
70 68 74566
50 26 65300
41 22 70069
48 42 2762
77 43 41628
59 53 83630
77 55 85541
37 75 347
74 56 53441
13 73 22177
63 67 61530
25 21 688
68 56 18183
48 16 54623
21 34 84030
5 8 54133
60 71 56453
22 26 60813
5 45 70538
49 23 38831
61 22 65722
25 46 38919
36 15 20757
68 72 79826
80 36 61818
55 80 20271
20 69 38077
46 45 30540
34 73 26149
59 79 1231
2 35 89206
54 44 15078
50 27 84449
27 71 6937
56 37 21268
66 26 12767
65 17 15725
26 46 88433
38 49 59983
63 48 53047
28 60 59945
68 77 65921
2 38 759
5 37 27080
2 76 45228
49 31 56102
37 9 96981
7 71 74027
32 18 29571
45 6 74812
10 14 8623
57 7 1496
68 60 80613
38 24 75748
10 52 92537
66 40 92378
71 5 47006
60 62 25249
47 37 50748
70 46 70140
23 3 58803
24 50 71850
78 75 79155
69 48 13102
40 50 34337
13 60 10254
26 56 69846
29 27 77505
27 17 99023
53 10 97777
61 8 93000
2 42 19099
21 77 34970
39 27 89768
39 53 76465
43 27 17578
26 34 30571
65 74 72263
63 37 76139
14 51 55482
45 39 84745
65 67 82629
20 52 89099
44 70 10237
37 61 78492
1 40 37178
4 18 97888
45 41 78876
70 9 78556
51 25 73247
35 61 87301
10 5 35545
61 70 18017
10 65 54733
63 32 25846
7 64 3497
12 72 32379
2 77 93868
73 67 92486
27 62 16054
19 46 99138
22 33 7639
54 37 3525
3 4 8641
73 21 56286
55 76 57270
39 19 80386
61 66 14974
1 12 61946
46 4 81119
49 21 64861
30 57 95309
2 58 85013
62 45 33231
45 10 58110
50 41 15694
10 56 47108
15 13 32063
48 43 20471
46 10 36652
31 48 55005
17 21 61105
63 55 77388
56 24 49952
17 52 63528
36 23 94847
2 17 66183
4 17 44198
52 69 79271
58 48 61652
2 53 29432
18 79 43453
68 40 39406
33 37 52949
8 65 18889
21 39 39917
1 38 72284
67 24 3060
27 44 34062
80 16 16239
57 68 76786
49 48 29481
15 70 21567
69 49 72398
72 73 76656
12 59 92125
9 28 50106
20 26 65684
22 5 42678
32 35 42130
6 13 28382
47 58 88028
46 20 7646
45 15 22196
60 23 21788
24 53 34900
5 72 51151
40 3 42428
13 76 79562
64 22 81763
46 29 80389
2 74 10645
60 32 18188
42 33 87870
16 47 42382
4 76 93419
63 51 41918
13 36 97828
54 35 1955
28 12 16597
5 33 12235
47 48 91402
78 1 98781
7 46 23155
5 59 83610
61 63 97470
18 47 55903
27 51 23772
4 42 23809
75 23 20888
4 80 20918
35 40 5445
60 11 65278
10 55 23217
54 24 70204
13 12 71082
18 50 47820
40 43 55850
34 38 25326
6 5 83737
24 52 91733
42 13 70960
69 50 63958
55 52 25914
17 64 63292
50 2 48371
62 29 84847
52 6 77275
32 25 99164
6 21 81989
31 12 75011
25 70 79719
28 43 42394
57 31 30584
52 29 15965
32 23 18247
49 41 44884
36 76 24443
78 80 69038
52 49 45832
76 40 93409
55 30 96400
64 16 71819
45 75 17967
19 57 71013
21 33 83824
51 78 68272
56 1 37731
38 66 36947
8 54 48574
7 49 27744
17 41 94400
69 25 30804
50 21 26531
62 56 72466
44 24 94077
45 38 92194
50 7 8756
70 4 84546
62 47 98409
73 61 99367
74 13 37255
68 43 69380
19 67 11603
20 78 46190
16 17 28302
2 9 17689
69 13 78676
64 41 12724
78 45 18661
52 46 20196
11 48 61759
58 44 89939
45 70 4538
17 18 82749
52 50 54090
63 49 36470
51 79 79535
74 50 60090
33 25 89448
48 74 4966
3 53 11879
64 56 21725
77 51 29405
73 69 93607
41 48 98868
25 37 46237
68 54 46545
10 78 45245
65 78 10758
17 31 8183
2 61 90939
53 35 10739
80 62 35662
28 11 60991
37 12 97116
19 5 87219
50 70 60151
9 45 52204
36 57 75103
71 63 47325
28 48 17498
23 27 19195
59 76 60965
70 74 14727
30 54 10021
30 66 36068
69 39 52075
12 9 17424
16 58 4053
56 29 24725
16 68 36743
7 73 79888
31 38 16315
52 58 48747
2 4 22683
15 34 97333
29 70 55867
53 29 58752
21 15 81095
20 68 38889
4 27 70443
41 25 95204
66 55 87171
14 35 44053
9 57 113
67 72 20779
25 49 8630
5 62 98681
70 78 41276
68 58 76860
8 26 12427
69 54 76280
76 32 2142
76 19 47987
59 78 55781
43 22 72283
55 61 43290
13 44 45013
59 63 45358
69 26 24026
57 20 12018
47 76 46365
9 56 27750
76 34 28458
73 56 61518
11 52 34458
65 30 38264
68 78 67057
76 63 25360
59 33 21286
1 75 18927
32 45 33455
56 33 21771
47 21 45434
41 19 81596
69 15 90892
25 4 9938
46 40 68288
59 45 36743
23 37 62528
67 12 73971
77 20 77243
60 3 14342
68 22 92796
79 72 37208
44 56 11651
30 64 83475
36 45 70211
47 2 4613
77 76 92957
57 66 16050
34 18 67047
12 7 38905
79 28 75509
40 25 17035
51 15 73643
70 3 76602
18 44 56596
73 47 51266
67 46 26716
48 76 14671
57 63 49776
41 78 205
34 39 17862
21 71 54680
67 80 65586
42 51 38020
61 54 81865
41 39 5543
45 1 88567
35 8 97091
72 52 60801
63 45 97964
66 67 63099
47 5 82142
33 10 50786
59 61 68201
35 21 73953
64 36 42563
74 39 68890
32 33 63914
63 17 22546
54 12 83781
62 28 29521
79 14 86847
38 74 24949
23 41 62572
77 62 16706
50 68 29511
24 43 13904
37 6 42133
78 13 46097
26 55 64426
63 38 60211
38 41 90556
63 69 36665
17 43 81488
78 42 53787
9 32 18416
23 47 35243
18 49 84739
30 41 91939
65 3 39730
52 22 39165
76 25 41362
69 68 62649
30 47 77136
1 43 98407
63 78 71694
71 19 29268
2 21 85997
1 74 87063
63 43 33720
19 64 21664
50 57 89366
13 4 54534
54 50 97414
62 25 13021
42 52 35742
28 26 61074
38 18 97941
72 30 61711
52 32 11213
33 16 35696
14 34 48402
17 14 49011
40 4 31919
28 61 16659
27 14 4480
45 3 54574
53 67 79092
22 38 25220
43 6 66531
73 8 41428
37 18 65964
28 17 60812
46 9 71250
26 31 67355
37 78 94795
63 40 76245
8 14 84761
43 4 70984
61 45 70442
5 2 97466
74 46 81776
37 66 39726
19 55 48859
53 47 38751
33 12 24163
58 19 83117
28 35 35052
69 77 36162
74 62 13112
17 10 91823
21 58 59729
44 5 86458
78 52 5964
35 56 43894
64 63 8959
39 20 80190
24 23 8411
72 20 45019
65 35 38519
46 35 1083
43 60 56930
47 59 6089
39 42 38687
2 54 6253
16 29 54028
3 16 99523
75 74 33909
48 37 31159
5 68 70392
56 34 1844
29 60 69641
14 69 91472
69 62 24036
3 25 35249
78 19 3579
8 52 62744
64 51 40380
65 2 49179
59 52 25386
71 24 79928
7 30 8533
15 27 22243
25 67 55989
51 62 92174
50 39 70708
64 9 23029
64 50 70095
28 73 35605
29 33 45760
76 3 8084
48 36 52089
31 46 95474
36 21 49006
50 5 73824
59 29 82461
10 13 81164
11 37 51343
19 27 73501
52 26 21658
64 72 51551
70 79 45386
79 26 44195
27 72 29518
76 6 67666
60 78 44455
77 79 1452
15 77 37874
18 40 82402
80 73 35686
67 41 94087
20 60 6285
16 32 71416
32 44 68881
68 29 10130
35 9 43007
51 72 82674
27 3 94733
11 67 41753
53 58 32936
4 26 31265
15 10 16760
21 11 44785
44 23 13451
28 55 84837
51 67 81837
35 3 27924
74 11 45612
30 60 82740
43 64 69846
50 23 89046
4 9 20701
1 51 69229
54 25 54901
71 31 77487
31 61 98723
79 35 45018
6 51 87639
46 79 3724
4 73 5823
62 52 72991
77 63 68765
10 26 37321
65 22 33823
43 79 33800
6 50 85261
30 61 9420
40 14 9525
48 12 30176
42 21 27038
44 26 65763
15 48 4456
30 23 51316
74 51 62250
60 21 99916
66 48 86445
34 24 13396
49 56 30868
1 8 77756
71 52 79626
36 66 87335
12 61 9642
73 23 4852
25 50 51124
58 71 20252
61 48 23188
25 38 17229
1 7 54365
72 2 16632
50 67 30537
33 17 15372
22 50 751
76 42 3117
59 31 90165
24 13 62429
14 7 50483
51 29 15189
70 49 15362
70 69 81483
22 2 20099
10 47 69508
57 64 94328
6 16 77596
40 78 83601
78 34 40742
15 55 21188
17 45 32949
66 69 9964
15 41 47087
5 53 89791
37 4 86251
24 7 73836
35 15 78811
5 9 14255
19 47 95176
72 35 61183
74 22 35155
4 31 56984
68 4 7314
7 18 40002
54 77 43603
76 37 60041
63 3 58833
24 75 63627
68 33 30205
19 1 26529
70 24 38154
53 30 40219
79 56 10416
47 49 4786
14 3 21251
26 17 22695
26 24 23850
10 18 2699
3 1 33462
5 29 27891
29 57 8786
80 19 19542
59 16 85808
3 39 55103
42 29 39261
7 32 88297
56 15 65253
18 68 89787
53 79 96930
74 9 12904
12 76 92566
15 1 1912
3 41 20902
15 8 78177
27 40 36467
67 13 26504
68 47 48129
15 63 20430
65 40 63623
64 31 71946
16 25 19487
14 68 99216
49 4 13546
22 73 68260
46 27 18737
41 52 37870
38 5 52551
7 54 55692
66 73 4960
73 63 61760
74 59 32626
69 24 55390
26 76 57116
22 37 88337
6 39 34602
35 44 44450
31 74 89660
74 30 53032
31 56 98721
51 56 28155
24 68 90502
39 71 76938
3 6 78182
65 55 62109
23 51 95766
17 66 61215
14 36 97988
18 71 87246
3 10 40062
18 14 84910
12 34 55695
53 17 57806
49 59 11803
64 15 3897
13 19 62047
23 13 42935
50 61 75601
12 77 47029
24 2 39885
53 74 79402
50 17 57045
20 2 2855
26 39 38574
55 56 27211
30 70 65983
20 66 83626
21 65 70666
46 53 62328
16 5 99878
22 9 91405
43 61 26050
10 23 62739
35 22 84175
50 31 53031
12 16 7300
34 11 66329
67 4 12929
27 47 16452
34 22 4069
2 32 55683
18 11 78206
6 40 50575
49 71 23036
11 16 78985
32 74 69438
27 64 33749
79 42 99597
43 21 30728
80 70 89574
7 53 29872
62 66 6533
6 44 85041
77 11 60233
48 59 39872
40 33 45043
49 61 90753
11 3 17717
39 65 73144
54 75 41201
5 27 67021
41 54 74897
48 40 39590
20 21 23673
6 30 72240
52 77 44443
78 53 9037
64 47 7657
25 61 16722
45 7 74838
37 8 41810
13 56 69703
18 66 95653
30 78 912
59 46 76572
35 63 15166
27 10 85539
22 4 38502
76 33 49615
61 19 12640
70 16 54406
15 28 24206
59 13 63511
60 8 29374
12 51 5615
20 15 19839
14 41 84631
64 13 77230
29 41 44089
61 20 20090
50 44 26656
69 42 64832
48 60 72402
57 24 79656
73 12 15263
14 43 24356
1 23 63949
44 74 81575
54 27 86018
70 47 58832
52 76 93294
26 45 22490
11 61 82791
75 60 53983
43 15 33308
38 20 19359
79 48 3413
34 51 30465
73 19 43972
55 59 4215
32 54 3005
8 50 69018
18 12 51917
2 67 13391
77 4 56022
8 12 81568
2 64 28564
52 15 71519
46 68 19484
26 57 59877
61 17 14097
58 66 21427
69 31 48223
9 14 69236
18 52 1348
31 16 39402
34 23 40629
40 42 73539
43 72 59604
57 23 27301
5 48 93324
1 26 36392
77 32 52635
40 17 66527
11 58 75557
41 70 87730
78 66 83409
48 67 94459
37 62 67584
37 72 16762
75 21 3856
79 64 56500
2 78 40930
47 35 65841
74 66 46757
44 67 32790
18 73 7986
21 51 73835
10 19 67581
71 79 1505
11 70 32025
25 45 66459
1 80 20725
69 60 57514
38 77 45005
24 42 23530
15 31 71850
55 39 14371
42 55 98492
74 78 12099
4 8 80218
44 55 39974
25 2 69971
34 32 24004
22 32 81684
65 56 53171
53 54 83532
33 24 87230
3 36 90202
34 16 77034
10 76 79085
39 59 33448
79 80 25442
35 7 90542
63 39 82710
2 37 36218
55 16 35493
72 33 15673
63 30 71885
44 66 1653
68 62 72342
73 25 23449
25 11 38809
78 57 88100
52 79 89880
59 69 19500
67 36 57243
21 63 43579
76 58 60964
70 76 15261
14 62 43789
70 14 87331
80 46 45021
20 55 48884
30 28 60188
34 59 22334
50 72 56744
14 65 88367
59 65 77748
75 68 64821
61 24 14888
61 78 91801
22 75 95919
14 50 20406
1 79 80398
62 22 8177
16 62 78015
32 19 50035
30 25 70102
34 62 11652
80 32 6265
15 40 31981
15 71 23183
35 59 57207
29 10 83744
8 16 1090
24 15 32020
63 27 2505
35 34 68898
64 3 6906
59 3 88270
33 55 77721
80 40 16216
6 79 58203
23 18 6646
