500
508 348
306 20
292 132
11 219
399 569
565 468
170 85
371 261
559 272
587 315
208 12
553 103
573 351
521 105
206 291
366 430
97 354
315 205
300 212
409 202
551 169
310 445
401 108
246 414
323 78
379 363
262 41
149 16
79 294
416 259
317 134
190 277
485 480
375 413
219 438
69 127
343 436
61 491
231 462
354 68
197 538
159 170
52 86
9 124
291 109
496 583
382 88
494 529
457 479
64 213
123 489
169 255
328 207
383 355
255 82
211 590
556 342
189 558
234 76
495 304
513 246
313 568
270 504
503 43
447 237
12 111
73 497
572 179
207 338
309 36
332 525
247 352
107 200
45 526
195 278
424 81
406 557
519 135
411 439
562 247
501 289
358 236
205 329
386 594
167 432
68 6
162 10
19 388
46 19
128 251
26 93
569 115
461 257
75 550
443 152
273 101
203 125
397 566
125 49
429 328
96 62
233 582
53 188
293 298
201 465
16 302
117 474
388 266
21 417
188 410
316 330
596 453
179 534
459 536
529 346
552 47
463 54
442 123
204 160
574 404
182 356
224 551
4 23
510 483
449 253
7 224
451 406
22 411
67 335
468 431
535 102
139 65
336 174
558 371
544 14
136 286
89 593
311 176
321 34
368 456
78 8
181 546
41 575
213 29
520 58
222 21
230 572
391 361
135 22
456 137
183 564
363 70
131 28
251 243
430 122
395 89
467 218
142 252
402 140
599 280
54 403
320 158
334 535
329 511
534 297
144 80
185 399
91 274
392 324
129 284
90 51
8 340
471 599
523 365
560 392
288 367
178 190
289 155
444 121
43 185
473 5
428 306
17 299
353 486
287 527
589 273
274 508
433 181
588 215
294 499
319 162
528 114
420 256
584 471
258 373
109 530
525 231
278 128
155 321
515 375
472 118
35 446
370 555
76 579
245 387
431 239
5 515
133 591
360 244
591 485
499 396
209 217
357 494
242 481
376 310
355 401
571 333
341 308
260 157
164 523
549 67
593 119
486 110
498 166
478 454
408 402
432 323
101 263
361 61
98 42
400 596
576 292
481 379
228 362
412 484
489 17
524 316
100 428
435 478
40 37
413 325
49 227
347 426
32 548
232 175
88 490
475 248
563 506
216 312
151 222
384 420
318 425
160 187
512 146
279 164
302 444
527 91
518 57
27 199
214 412
248 159
554 71
333 25
282 544
177 547
85 168
480 104
173 570
364 532
56 488
72 258
15 455
163 96
349 458
150 598
405 208
106 382
373 84
223 195
193 264
597 358
237 314
250 344
582 347
345 136
427 513
112 293
187 449
344 260
356 138
454 31
264 571
561 528
82 3
543 585
141 345
176 553
497 60
3 475
87 149
51 476
240 228
577 584
29 372
130 39
482 1
227 510
257 518
191 276
174 303
104 343
156 457
538 15
28 56
225 281
66 192
6 505
365 45
110 209
322 129
1 337
469 87
590 305
330 349
491 531
324 317
414 245
296 163
502 172
192 326
113 537
290 48
44 301
172 496
115 374
122 7
342 307
450 589
511 467
158 416
269 377
530 9
102 141
490 466
546 44
312 385
314 226
124 586
241 383
81 545
143 178
394 198
326 11
441 59
335 279
476 357
337 552
352 318
304 319
578 503
77 64
540 600
369 4
340 336
339 391
359 26
37 393
271 117
331 464
285 587
253 470
147 563
500 2
120 288
254 517
545 250
410 283
514 285
194 395
39 74
298 98
297 592
199 249
24 549
531 442
380 533
567 197
86 597
367 275
215 509
385 167
537 386
583 165
299 203
566 234
516 460
184 469
243 409
34 370
57 415
99 72
517 191
477 220
132 450
474 186
263 130
74 30
108 421
256 300
283 267
403 75
239 241
259 97
464 507
295 398
198 574
212 144
93 381
261 66
266 229
145 311
581 235
38 422
586 384
422 364
600 520
541 50
286 341
165 69
180 32
308 233
426 77
595 99
105 473
202 477
268 171
466 184
111 221
226 434
346 271
564 407
244 223
453 359
462 268
455 173
362 472
220 376
448 369
351 214
387 366
423 565
575 262
275 360
186 389
348 232
396 295
555 543
221 495
436 440
84 92
229 514
171 33
579 95
126 148
175 350
506 161
217 156
483 595
542 339
325 378
33 542
146 180
393 153
138 52
161 322
507 334
116 201
50 238
580 541
210 73
80 500
236 296
95 313
196 94
152 24
487 561
301 254
526 331
267 242
438 562
378 154
548 40
479 194
407 423
280 512
137 287
62 107
568 493
10 265
425 18
