1000
1047 2235
935 1274
1192 2265
2785 1891
250 2859
486 830
131 932
1354 1502
359 2950
2767 1137
991 1601
1164 104
1083 445
2067 2454
2529 2554
1740 177
1253 339
1559 1384
580 1893
848 1737
2869 2632
2392 1424
404 325
2279 1581
662 193
1428 1159
2597 2997
479 2926
1882 1002
100 237
750 1587
2726 1597
2982 2868
1642 1750
1818 1550
2940 1195
538 2446
1941 2708
2738 338
789 2915
2372 2705
1871 2428
1785 1487
376 2955
2921 1547
1784 956
1467 1599
1362 838
269 1974
619 5
61 414
177 2562
449 2346
802 904
1099 732
1464 514
2935 2791
1404 2103
1318 2633
77 2939
1979 1835
444 813
1063 1747
1466 378
2787 1682
817 360
450 185
434 1292
1344 48
2466 1473
2946 1918
496 2367
2548 1933
711 2212
391 1323
601 2104
2130 2563
1184 506
211 2397
967 2694
1030 1730
76 1871
256 882
2992 125
2252 1511
445 1553
35 1860
2335 1155
2619 2808
2505 1092
232 528
1537 367
992 135
2765 2799
198 2968
800 1724
2576 686
549 2242
583 430
1558 724
1235 2809
2097 308
1602 745
2806 2209
2009 496
336 2236
1024 670
2819 2804
403 1657
1587 2648
2494 1734
649 2630
7 40
2627 1921
244 1184
1898 1145
1284 888
1450 972
182 887
2489 1693
2303 1922
1614 1819
532 946
217 2937
2899 1765
2702 93
1509 708
333 2230
1237 2282
2650 501
1239 2145
1681 1460
1751 559
1345 1671
1621 347
1829 2220
973 1332
2486 2468
2093 49
2683 2979
875 2870
597 849
2399 1089
1136 2855
1281 61
2550 184
2177 1869
584 233
2962 2710
112 699
1545 1705
895 2073
153 382
2467 1341
622 696
2104 1335
1477 38
1250 2930
2904 1166
2458 2226
1703 2119
2240 2401
1233 2017
2853 705
1731 1333
567 417
101 1209
1697 2771
2868 2064
961 127
1729 1297
1138 73
1665 1703
950 731
2997 383
824 181
2870 2234
1412 2749
290 21
2524 924
1015 1409
1572 519
2301 1574
1210 1903
2782 1753
799 2672
1589 1344
803 1359
2897 2800
1769 2957
913 1722
1429 2815
215 1662
257 2935
264 1252
2022 1025
772 2394
2578 493
1746 1470
203 148
612 1884
2212 1113
2258 1579
2827 2283
418 1350
1151 2666
2416 2683
893 2364
242 2431
2518 1372
56 1205
2560 1782
729 2466
2858 2770
1368 746
553 722
1856 2358
2804 1666
2268 2887
124 1509
1168 1471
36 2040
1465 2701
500 589
2412 801
2015 2962
2364 1632
1226 1047
2909 1216
1045 797
2769 418
2775 192
2340 462
1198 1680
2491 2812
1120 738
2710 2163
2115 1019
2004 1977
856 2284
148 1273
1907 1260
2249 2118
988 880
1839 1051
1949 113
1636 912
2649 123
2102 2160
1240 2383
1145 2893
172 2241
2978 1022
1105 915
2715 1391
2583 1952
1576 1256
2269 535
2374 2634
2989 942
1905 2498
688 2660
1158 1797
867 1536
1222 2568
747 1063
2714 523
2219 2941
1459 2356
2568 1329
2044 1228
1550 119
1427 2550
693 692
1536 2490
2469 802
1951 1400
1068 298
663 2531
2746 1383
2332 734
2768 1708
2253 2740
1017 411
2294 863
1945 391
1194 2590
2777 2826
631 2777
2600 995
1476 2338
2661 427
2322 763
2734 2946
1527 975
536 2083
1147 217
371 1649
2888 1844
151 1575
514 2560
946 2722
136 841
1238 2125
330 1786
1734 1485
1490 2445
2506 1986
2230 2427
2151 1689
510 1443
2101 552
341 820
1897 529
137 539
1788 1818
504 1254
2190 913
2572 2286
1828 1110
1305 510
1381 2533
2797 799
1733 1842
1035 326
2119 2434
230 2553
2663 765
1944 201
720 1586
2930 1010
401 2669
808 856
30 776
1503 1935
1648 343
1767 221
443 795
1738 2569
541 1342
2843 2912
394 1111
940 273
910 2814
2832 853
268 2586
2134 111
2938 1743
2210 1140
2778 2613
1196 2964
791 1531
2425 663
1561 2328
811 706
1672 402
1329 2625
1259 983
150 794
1655 1131
2718 305
1454 1905
2122 390
760 1345
2618 2154
2360 700
1328 2302
2138 341
2654 399
717 249
1532 2396
1317 1882
431 1537
1444 542
435 1563
2139 1027
2010 2480
1397 2631
1934 7
2251 1483
1436 1225
1277 958
2727 1736
1405 1920
531 1275
2406 55
454 1647
1097 570
2112 1369
11 2065
51 1839
969 394
301 1405
1140 725
2972 835
2824 2715
64 1685
1066 1677
2373 28
2226 1624
2334 814
1379 818
1580 315
2029 1433
672 1917
1062 1061
2475 2510
1227 1878
812 1301
204 667
96 65
2731 438
1834 1591
2236 1222
2892 1177
387 2578
1571 910
1977 1450
759 2350
1387 10
2512 2758
2932 785
577 685
1172 2275
2289 2229
2979 1115
1972 2721
193 2262
1376 1990
1137 1683
2016 1268
1102 971
1760 35
1319 767
1692 1465
1502 1678
325 2130
87 2279
1801 1414
1162 996
122 941
1414 1851
2377 2573
2056 1321
1644 1497
1927 1930
2629 1894
1361 314
2262 1506
2111 1298
1643 2117
2943 2810
2441 1069
1174 2714
1232 82
469 1387
2433 206
337 1697
2051 1280
2760 1043
2964 1535
2143 1351
83 282
970 1
303 109
1612 1739
1010 2203
2129 1227
222 1431
2551 1288
2502 365
1840 2875
2527 2274
2405 1200
1765 1320
366 2110
1861 1607
960 1442
1156 2263
2295 266
111 1117
187 1475
1968 978
220 2146
790 350
798 2267
1110 329
1631 2936
381 592
452 957
13 1653
1918 2369
2958 2088
1800 619
1195 2131
2812 2793
758 1520
2224 1552
2957 2825
397 1164
1574 811
2981 230
1812 43
1348 2570
834 954
1142 1168
2394 2816
2895 1593
2035 1561
70 222
2201 1709
1938 2839
1179 1097
2922 2403
557 2109
234 81
645 926
2239 821
1037 711
1678 173
2783 764
993 2619
861 1659
184 497
365 1791
702 1973
1860 1569
2347 166
590 2754
2368 828
1581 749
2033 789
1378 1020
2483 2626
2014 2537
568 296
2544 1759
815 2514
1994 85
2427 2718
2772 1912
20 1065
919 2116
1338 1427
938 855
110 791
648 2484
726 902
46 2597
420 757
186 859
2729 1824
192 186
132 1965
1307 908
1910 1564
833 1540
825 1215
2069 2191
1170 677
2526 1107
2204 538
2724 2523
40 754
2521 2134
1817 1760
439 2620
2607 2341
1940 2686
2986 2744
2533 2792
671 2343
2028 2368
2420 2019
776 2014
1435 1380
2920 369
2967 1519
1838 436
392 1153
1798 1612
2952 1152
202 1907
130 2776
2383 2175
2457 2256
1820 616
705 2013
1154 939
1560 1404
1418 2617
1505 573
2076 1815
343 604
199 927
1591 2572
2789 1247
2316 638
1816 2108
134 1425
2393 1269
2099 1858
1772 2565
1656 1271
2011 2757
362 780
2749 2856
2757 2312
1947 2137
2310 2726
984 2789
2523 2738
683 2030
1273 1964
1577 709
869 1194
708 928
1646 255
2338 2222
883 69
958 2205
1821 1861
1451 362
805 2288
2615 211
1976 2831
2652 1302
374 1995
2417 1681
1090 2300
2234 2850
2525 1696
146 1712
2096 2322
2596 622
351 647
1711 2689
238 2336
2421 1781
1904 2470
372 1783
121 1847
2344 1801
1204 150
2794 16
2745 778
2482 2290
2678 2127
1691 1484
1541 645
1579 2846
108 2074
2579 762
2178 1361
356 2899
2131 952
2473 1745
682 2840
1021 416
642 486
266 254
2321 2272
926 207
2995 2058
1438 1109
2929 1453
719 2208
2497 467
670 1772
1690 1942
2455 988
84 819
1122 2225
1230 2412
8 1892
16 470
606 2919
844 1283
488 906
1973 660
103 1874
2788 1220
2534 2112
857 2180
1189 2067
2442 2788
1889 549
1716 1258
1261 949
2023 440
2741 243
271 2062
1808 1754
55 632
614 2315
400 2797
1776 1499
1380 1982
1936 1181
734 228
909 1410
2781 756
1255 1243
350 2520
2673 2657
2840 615
2721 1308
2019 91
179 701
2707 652
784 598
2074 2239
2274 1142
2211 1915
2894 2521
1555 2981
963 1784
1134 142
1592 1633
572 2759
460 2819
1251 258
106 335
316 2129
740 1838
2476 2029
28 1554
1059 1204
1023 798
544 1865
95 1423
990 270
2302 1658
1633 1233
551 1224
1175 1415
2317 1267
1750 933
2349 1598
2948 2106
1954 1623
788 1328
361 2166
2326 2071
1115 577
2669 842
1564 1170
859 19
724 404
906 534
914 551
2336 1076
1071 1582
1241 2255
2609 540
2034 2044
2276 442
2206 673
921 1276
2203 287
2552 1070
1475 1631
613 2821
2970 1127
2660 783
2865 1075
2447 157
615 579
2713 603
2180 2794
1440 824
862 997
2066 920
1585 846
1100 152
1806 203
135 2196
389 215
1003 2426
1491 1108
17 2007
1543 2756
1718 2641
1069 2655
2887 2052
781 1272
1087 1900
1874 1432
60 1403
1084 903
684 1517
1516 140
795 1490
1306 545
2861 482
2878 346
1539 323
2773 905
3000 1721
353 2120
851 363
957 1883
162 1358
1901 649
10 2128
573 2965
1410 398
1663 1640
2872 39
2873 2780
32 2585
2934 2077
1207 2460
1850 1944
1343 124
997 1285
548 637
694 1418
1851 2413
582 555
2624 2525
690 500
1243 2737
344 96
804 1507
722 1217
1675 881
2647 1985
2774 2933
842 1093
2699 1823
1689 1831
709 2769
2446 659
14 450
2838 1119
1553 1787
1013 441
72 1629
421 1776
1171 884
1415 457
2798 1940
1525 72
2478 665
2350 2505
1442 2876
2159 2529
1159 322
2172 832
1638 2390
261 2079
1314 2323
1507 1513
1025 1476
841 1744
1989 2601
1080 1764
1568 901
1000 1039
2281 930
2264 435
1598 1182
2701 351
2046 1508
2595 1382
2356 548
2688 2851
1055 2637
390 1374
1975 2199
2685 2143
882 2076
2543 1213
2196 2421
406 2147
2333 2422
289 1054
1513 2685
2170 2886
1791 1504
2167 2173
2137 281
2963 2392
2645 2667
2068 1191
1881 874
1867 448
2603 311
730 2206
346 742
1562 594
2501 2908
2675 1945
2693 2959
1077 2443
345 1804
265 137
1864 726
832 1317
1722 1480
2353 216
2664 2697
733 241
1046 2947
65 836
2084 1223
1720 2612
1546 1229
1995 446
1981 950
762 960
554 2782
1599 75
2879 2161
1424 54
1721 1203
1119 178
2611 294
1481 1646
1020 1975
2747 1926
2648 2891
1841 2233
149 1451
2811 1638
1737 2211
2026 2416
1825 2432
1007 2178
52 288
2945 356
685 87
2037 848
2766 2647
176 2133
1650 2895
1902 197
624 2481
2168 1439
1506 107
2717 63
1374 694
1425 2477
1371 2735
2140 1879
50 729
860 2091
1423 2299
39 2511
2 1337
2937 2182
2890 2755
1715 2820
546 2603
1321 1570
533 1881
1089 507
2837 2232
2558 2731
2851 2943
139 2960
2270 2306
783 897
2743 907
2198 22
1500 415
410 1462
1049 1572
473 293
1216 2459
490 593
487 979
497 337
1930 1099
1332 208
1590 2187
936 1902
1197 1261
1056 2378
302 90
1810 2227
304 2662
2876 25
1067 370
2207 2248
2027 2684
1698 1830
178 13
2400 2285
953 1347
1803 1694
319 2867
1474 558
761 2164
1060 1491
160 2472
1618 2907
899 2595
2125 1296
