1000
7937 7125
7192 2028
1855 5806
908 503
3856 6542
6569 4234
5396 2164
1830 433
1453 4873
6158 3569
4450 1950
84 5640
3045 2237
2512 3754
7303 5002
3716 850
5480 2069
5294 2481
7572 5848
4323 7587
6543 7717
281 7467
1068 4295
639 2851
1194 6622
3469 4042
5311 6602
7708 5584
89 516
4364 6683
1687 160
2430 6996
3356 1044
6786 5136
1575 7537
6222 6214
4465 3812
5849 2948
3902 2287
2640 155
2567 7652
6687 2995
3235 5123
1925 4805
1581 5058
4257 3805
3194 1334
2665 6210
6993 6473
273 1433
5193 3776
1571 1634
5908 7805
7020 5372
3378 5942
2832 5985
3299 3282
3991 3306
4164 5474
2445 2434
7866 5560
3577 4488
5511 6150
3773 2705
5740 7082
6255 7072
5965 3277
7084 4250
1699 4155
3298 274
462 5054
122 7296
4006 1948
4930 576
2412 2485
34 551
125 3878
770 4836
1612 745
2365 7798
4328 2098
2143 3032
6381 7808
3295 1031
4500 733
6453 4536
2345 4797
2407 902
7051 7387
6727 5469
993 145
7414 1257
5781 6577
192 7619
6057 2918
5750 5694
7687 1084
5200 4186
5369 3313
4777 7536
4912 5559
484 7309
745 5070
6816 6099
3603 5388
6414 6965
578 3095
3790 4424
7975 5360
7480 4837
5963 7484
2555 80
6859 5030
655 7936
5469 6998
651 1767
2343 800
443 6511
6767 7851
6406 7018
4277 1453
1508 7419
5065 3025
5338 6607
1802 5028
3082 3410
6889 3889
6148 6262
5056 6695
3037 4459
926 7064
5215 6036
3046 4441
6247 6404
4807 5021
368 6910
324 19
3110 1927
5108 2802
795 3541
7631 1077
1596 6098
2291 5991
2823 3868
3447 7280
1380 4028
4221 6913
3085 1420
4117 5481
4314 4477
3576 2934
2701 316
6452 4464
7085 10
5352 3826
3958 7479
7237 1844
6850 411
5977 298
308 2991
6782 6045
3222 1855
1868 7060
3366 6889
7208 6897
2833 2057
4627 981
1742 44
703 1701
6504 3525
4129 1066
5129 3766
4990 7285
1978 2012
2531 1692
3529 2891
2840 197
7899 3589
5243 1068
1276 7572
7482 5488
2020 6383
1994 3225
2544 7437
2513 6596
5535 5725
3373 2624
2619 6111
3842 6719
222 2964
4478 962
5810 7953
2136 653
1135 1121
5641 585
1638 7302
5008 6158
5661 6899
5240 4269
5614 1179
5934 1139
5174 2764
5216 3024
7909 2232
1312 6327
2404 7762
430 3186
7926 6960
2127 4883
4196 12
7780 933
4464 2702
6652 3077
4771 4118
2306 7178
759 6806
3708 7383
4351 4559
4861 7422
959 1695
5026 1011
975 5092
5389 2165
30 2363
5306 4931
2767 4143
6625 6731
4622 899
5557 1693
4829 1132
7679 3884
6646 5790
7756 3627
2338 1863
289 4720
1693 3551
2043 7867
3802 5936
4060 6748
6419 6421
7494 1025
6620 331
5235 5838
6291 6975
238 602
4497 5780
6027 1393
2129 5489
1446 1247
4710 4558
1860 1535
5795 7459
7172 5257
3740 949
1892 2560
3664 3811
1831 5000
3063 7250
5726 4358
5907 6535
4188 5285
3811 6550
689 1220
7995 2782
3008 1212
3891 927
3647 3138
4838 4428
2835 7297
474 2924
6482 7736
299 5599
6997 4923
1906 1124
1985 915
2836 4933
3672 1215
1450 452
1722 4216
6972 7856
829 948
849 3458
4146 3758
286 2317
2647 4266
4237 904
3423 2227
5834 1654
810 5020
3588 524
1618 7410
4742 4859
3979 928
319 5589
3258 1333
2712 1191
4083 4902
7073 4414
707 483
586 6213
2361 1806
2779 3129
7972 4108
2890 7666
6086 1343
874 6713
3314 843
4843 3626
7476 3502
7455 3852
2671 4747
6461 3937
3644 5329
409 2623
4009 1856
5572 1073
1084 6389
7210 403
1754 2613
4808 150
3166 2284
4137 2432
1841 6186
1349 5283
5042 7376
6829 2811
840 5361
2721 2892
5803 7627
6263 1062
7006 7621
6657 7547
5085 2832
5774 6859
6385 6768
5289 1472
7863 1707
6497 5698
224 3082
7386 6420
3238 4172
5238 3861
4744 688
3444 2776
5004 562
4764 241
5093 6410
1157 4012
367 648
2175 4588
2802 5282
5003 2807
6983 6730
2892 5786
6126 6403
2773 2789
6568 7281
2161 141
2874 7498
7707 3090
805 4643
4051 6523
7928 3337
2393 2752
5704 3568
2837 7958
7570 4706
2939 3618
1173 3578
6604 1118
984 3803
5856 7913
4140 2932
6373 554
3697 521
5395 727
7403 512
720 4725
5124 1332
6157 6425
5481 6801
2203 5110
577 3848
2349 6028
1521 7517
4349 6840
4814 4097
5648 7678
1326 4518
4613 5609
2729 2392
1106 1338
1219 935
3506 3134
6794 6102
5757 985
5632 5315
6138 1612
2039 2987
2079 1431
7099 6629
7879 1097
622 6134
4743 5990
4410 6726
684 2059
4182 487
456 354
6869 6677
4183 7746
1409 4303
79 3145
5743 1255
4715 7790
1737 4904
7851 3283
7321 1497
7155 35
7676 7944
7861 2007
5948 1648
155 7266
3570 5104
5498 1154
1743 4830
3954 5506
6335 2463
3077 1246
2449 1986
3427 4855
392 693
2680 3044
1583 890
1795 7134
6966 5450
7947 5317
7190 7208
7206 1576
528 1381
3666 7138
4949 3698
2494 2061
5990 7406
5002 1582
4198 5996
2610 7795
5835 5983
59 2017
1049 1470
2251 5448
4989 680
5020 4298
7132 5720
5088 7308
6090 5605
6367 3321
1876 6660
2865 350
4320 1829
3213 2033
4572 3223
5859 3254
6955 6293
6883 2766
341 1967
3483 2774
2063 5547
2374 7611
2705 7477
4510 2379
447 4121
7534 353
5497 4655
5778 7543
1634 1874
1939 2153
5889 1753
3684 4744
1827 5337
436 540
1996 7102
3302 2728
5644 7246
6735 3594
1393 3582
6677 3211
6615 4912
4493 2866
5645 7348
2808 7218
7338 721
1973 1071
2609 11
4660 3789
2932 1752
6339 686
4943 2697
7725 4812
318 7770
2524 3470
2578 4176
7008 7743
1243 3636
7864 3510
161 2616
5241 7493
261 415
452 6812
1820 4653
5524 1755
5285 5833
5924 5453
7500 2231
3099 3467
2956 5572
6823 26
230 3608
2904 4960
5702 3791
4243 2146
7833 7404
4655 5068
3016 6431
2745 4497
2073 32
2313 7424
4452 7504
5154 3036
865 6613
2937 4763
6262 7998
4476 1738
7370 6562
6831 6508
3943 755
3384 4739
6627 2123
966 7362
7287 6243
3973 6281
3551 6836
1012 5761
2162 7980
6280 5714
6640 6552
3308 626
1277 3266
7408 152
5495 3906
4874 5422
5858 4473
5159 3417
1363 251
5313 6379
1087 834
537 2861
6551 7274
5251 747
1190 1985
1077 119
7007 879
5428 144
7719 5354
4601 3886
4363 5431
1088 5206
5921 5274
1617 2372
473 7339
1850 4342
6044 7075
1253 3503
1624 40
3181 3607
1918 4327
2543 1387
2207 3180
663 3950
6108 1525
3437 5038
4408 4400
6322 3984
4963 3985
3710 5304
1137 5236
5747 1384
694 7854
2091 1937
3777 3443
7156 3015
4585 7833
1662 3739
3347 6620
695 2441
7868 4288
6317 7732
1339 1451
999 6474
7743 2303
2789 3606
3850 1372
1522 1732
5360 1938
6596 2035
6366 6570
2064 4983
1224 190
1528 3931
6144 5779
2041 4379
5828 3108
3163 4716
2141 8000
4230 586
4800 4727
3651 4224
1472 6520
4821 4856
6574 6556
3797 6260
450 994
4240 3453
2686 5390
5249 1971
1622 6498
337 4759
3812 3378
2580 6078
4719 5421
5690 5389
2706 3733
1461 3280
1367 5063
3645 1463
7372 4023
1990 3720
7819 4516
7912 399
1895 5387
4637 7826
7968 7667
652 4142
5628 7355
7823 1268
6557 4347
3522 2447
4679 2824
6073 6983
390 7051
5676 7212
7753 6524
2683 724
7817 7740
1205 5827
1314 319
346 4984
5406 6104
6998 5001
3285 894
5218 3042
38 2637
5461 6429
40 5773
991 2095
1054 2595
1338 1310
4887 7769
2838 3148
5349 6914
5353 3484
3318 3511
2527 2942
487 7886
3474 7167
2270 3190
5245 2361
5842 49
858 5052
3516 5890
5263 934
3838 941
4407 6931
164 3925
4525 6831
2481 6256
5725 7929
5398 7011
4110 4760
7196 7508
7041 5435
4462 3048
3538 5404
2970 4645
87 7126
2276 6528
3169 6286
3006 213
3360 942
5664 5721
1454 180
2738 1845
1354 4748
4817 6686
5897 1955
19 5464
7656 5152
7163 7750
3135 3339
3406 5483
7878 5006
2032 4958
7126 5980
702 6585
5536 4171
3883 4509
1894 1824
1095 4053
7141 6146
4545 6151
851 5093
1916 6263
7758 46
6572 6635
364 4094
2759 4712
4435 5733
5191 805
3681 6163
6933 1520
4890 3952
1535 3212
7677 1517
6576 5216
7014 2740
2157 4065
3232 4540
5225 7258
5814 1715
4596 5645
5071 7971
5986 4390
3321 3823
736 1791
3174 2479
1808 3595
2105 2130
7675 539
4282 5308
1265 4913
7523 925
7643 590
4447 7031
2172 6122
6716 3341
3476 1839
4558 1712
6380 5861
6430 7844
1214 613
5840 507
6124 6382
6479 4205
2809 5576
7247 7411
3550 196
2396 294
1920 6787
2119 5954
1061 3990
5879 275
837 2854
6189 4848
6246 5607
7399 2427
2990 3722
6471 3083
1377 4997
1389 1760
2622 3742
7481 6690
5173 2175
166 2850
2576 3084
3228 6638
701 7622
6957 75
6726 5566
4056 5619
7167 2765
4632 6165
5818 752
1888 1817
176 3836
4911 4044
7195 1591
6299 7819
928 6591
7384 4315
3179 4138
555 7599
3372 2005
905 7378
4589 3647
5968 3936
6824 3012
1685 4594
500 5035
3592 1305
4992 2497
4032 5462
5802 710
3269 6515
6119 3205
7567 2994
5490 1445
6336 7934
6860 749
7580 3430
5196 5885
223 2436
4355 7689
6260 5557
6196 4287
4570 5162
6607 4866
3565 129
710 6902
751 5903
4999 6400
3209 979
3820 726
939 4085
5099 7032
7794 1626
1953 3982
1437 1958
7327 3178
5930 807
5619 7054
1636 4911
971 7591
5361 3432
6160 2620
6353 7985
1515 4223
5253 2720
3919 6871
3494 3859
7183 4831
3108 6359
6580 1796
6294 809
3857 50
4356 2581
4275 1325
7932 2590
5817 384
7035 3517
4866 6195
6881 6468
1192 7693
540 3074
2335 2966
3339 3167
660 5555
4824 3723
1245 6375
4361 4615
6134 6606
100 3904
3259 6384
3720 1823
3723 3268
2726 5600
1804 5213
6507 4405
7066 5407
2196 5644
5339 335
6184 5873
3803 7291
2778 7023
2370 122
7525 7173
2586 6460
7193 7708
2631 3320
6930 2111
4823 1115
5098 7155
3306 2688
3350 6387
7933 247
5385 4511
7203 1735
1782 1852
4053 4976
7218 2658
107 6786
4683 2986
228 977
1108 669
6239 7087
1738 7997
7146 2206
7293 4415
5062 717
6655 7180
2234 1788
233 2484
4888 1756
6647 5585
5730 1001
812 416
7663 1864
5297 4070
4718 1348
6285 6136
2008 7683
2210 1018
5459 6124
2347 635
2948 7391
1399 2096
3898 2278
191 6829
4586 6209
6217 4898
7791 323
2679 731
717 3208
4869 4031
5603 1475
5258 7930
894 2259
6074 2514
1554 5182
26 1924
4953 1680
6682 7896
5680 2425
2168 5517
4133 4066
1759 3270
2780 4974
3995 4543
4276 916
4437 7967
1529 2169
4540 5172
6747 5921
5595 3244
5762 5486
1865 780
4496 6616
210 5426
1186 1059
2502 6246
2510 3819
1667 231
5624 6391
4238 5005
95 4463
590 3730
7948 5654
3154 3040
2070 3558
6072 2308
6635 5266
4526 573
4466 2722
1080 6075
1490 1843
3376 2282
2113 2949
5116 6957
2935 7162
4456 558
4300 4610
5295 4352
6338 5895
1293 7215
630 7056
4169 6433
665 2519
5590 6448
3121 4403
5453 3072
2523 3407
303 4374
6214 6105
7914 4008
1449 6354
6865 5770
6608 3111
980 118
5473 5214
6700 7448
2018 18
7094 181
