800
2225 2106
1818 505
260 1047
923 1268
1230 710
239 1516
1904 1420
2313 1367
2895 1720
2177 2908
813 1400
2329 1854
2754 884
1143 627
644 469
1224 557
2710 1418
2993 2001
2472 2829
706 705
1044 1209
2095 1595
1628 1508
300 2838
205 1636
1937 1448
187 825
2585 1968
1160 2668
896 883
1767 1331
1898 1639
1935 1333
2815 1879
327 1357
2259 2809
2562 2122
1712 1497
1481 202
1363 239
52 2437
1479 1686
1820 2512
462 168
2232 1057
605 53
858 962
144 2933
304 2776
531 1859
2175 1064
507 2151
602 1402
2179 2889
2062 1581
2506 1759
2602 529
1275 54
1270 1892
1476 1415
1963 699
2612 513
2886 807
1186 2362
1512 1853
2455 2791
1596 409
1387 1967
1634 2341
2044 2039
1036 779
1025 2099
1032 2644
370 2431
2891 1763
1256 2146
2045 2572
156 1215
61 345
289 2992
1115 992
1918 1984
841 2030
2190 2247
2424 878
2216 265
1951 888
1068 203
46 2817
2846 2420
2445 1940
1191 2272
2624 2182
19 2820
519 802
2760 390
2598 1077
855 2297
2080 2996
1716 67
703 1593
1936 812
953 1148
231 1328
621 1325
2654 427
1690 1878
1282 301
2267 277
2756 1706
180 2128
1478 2982
369 1377
2971 2811
707 2429
407 2506
1057 2243
685 1218
776 891
2281 2578
1706 366
2174 1909
904 1603
970 2125
1715 2424
234 1708
991 816
2020 2217
366 2107
469 1213
2614 100
592 1343
2035 2005
868 288
748 1697
1313 2177
1685 993
2083 486
2716 1329
1544 2213
2686 1888
1059 219
143 2792
2315 2857
2337 327
2986 2451
643 1696
2009 2415
2818 2878
637 1895
268 441
1208 2419
2255 354
2800 1020
378 294
1413 1468
41 1775
1206 2208
1008 2259
294 931
1800 2285
2200 2845
936 1829
177 3
2720 2580
550 2257
2503 146
1503 1071
1964 89
288 2522
2734 914
527 1654
2171 2000
2094 906
2810 1074
343 200
563 783
2379 2949
2896 2195
397 1991
1015 453
2858 1610
223 2342
2607 5
90 1216
33 385
2880 1176
1395 1163
590 2652
1166 2901
1027 2410
1648 2441
1972 2077
2022 2180
2910 2261
2065 921
2498 2345
1124 2812
922 2660
2951 990
1037 2490
1511 1316
2114 1246
418 1042
967 828
12 603
1922 574
1611 2359
388 1852
2134 2171
1884 215
2479 2713
2384 2335
1419 781
927 2373
1757 1318
1817 1586
423 1971
1934 2196
913 792
1239 1097
1678 517
1933 1584
1174 764
996 2721
577 2480
1320 1762
1703 2438
2561 2416
1296 2002
372 1576
2809 192
731 767
83 456
2261 208
301 715
1046 1591
790 2360
2597 1590
1265 1623
1337 565
1907 2711
1791 2515
213 763
518 829
2652 1269
491 1062
1180 2009
1118 1242
2981 2801
1559 2321
1149 193
1614 1847
1878 880
2645 1855
489 953
2282 1600
1745 147
37 2085
1022 2821
564 2555
2958 771
771 1180
1587 2158
2059 324
1081 359
1323 472
43 2006
760 492
2483 2714
838 2826
761 1363
521 1069
1528 605
861 1927
2963 704
1858 777
2861 1871
1359 1736
2289 2976
1 2925
1110 303
2182 1599
619 38
2368 2235
1530 1021
779 2368
940 2521
1096 2959
2534 1766
2192 1642
1300 2045
2075 980
1885 1937
395 2054
2715 212
1939 310
472 320
1804 475
2431 908
2443 799
1888 1608
1030 1915
1090 1901
2288 1705
983 2909
1730 1994
387 1646
1929 733
2212 87
346 171
2012 1159
214 42
797 1730
2772 1120
819 1119
2899 585
1396 337
918 1538
2209 1430
2843 2827
1117 224
1955 2859
2351 996
18 2445
2361 1778
296 1830
2194 318
1311 2985
1132 857
150 198
2334 2684
1846 2210
696 394
2933 85
1781 2407
2615 397
1305 2868
2459 1806
28 75
1651 750
89 616
2788 2568
47 1900
2540 2621
1201 2505
1482 1392
1126 527
1783 843
747 1776
1434 1132
273 2014
1444 462
1519 2727
2345 201
2931 1091
978 2765
158 2837
773 2846
2103 1285
2269 1212
1883 2851
428 1310
3000 1779
2383 2354
1862 2561
1176 2476
620 2688
2056 2278
1319 2619
2973 2692
386 156
1502 2917
125 1864
408 2452
1361 434
1262 1200
1632 675
291 1999
572 2610
1999 1017
2492 1296
1622 1130
1595 1548
1236 1718
1342 166
2298 1161
1641 2101
2514 402
566 1921
1790 2560
1741 2599
2557 1030
2007 1755
161 738
2101 1467
2826 2703
2318 1489
257 1222
2390 1839
952 2858
293 347
2280 2493
329 2968
2820 1690
204 1261
1965 2328
1139 181
2154 2972
1168 2682
65 2545
2855 2881
798 2220
892 2615
2771 2392
2439 2382
828 1811
1650 1788
2647 865
1520 2440
729 1667
238 924
2517 2074
831 2291
2555 873
615 227
990 618
2086 436
71 2935
2505 1243
56 1751
2995 1255
2133 2529
512 1032
2799 594
211 2174
599 1635
754 1323
2796 204
1358 821
2685 1483
1637 1744
2377 2497
2381 1781
124 555
2516 669
966 86
1554 2501
1125 2571
1371 1798
1116 1280
1666 138
2041 342
1173 2063
2324 693
1877 2381
2759 2753
1289 1715
867 2250
2778 2759
2018 1826
2422 1129
1966 1618
1989 187
528 707
1392 2552
2049 291
981 275
591 976
1768 2514
1287 1498
1642 2154
737 1748
2054 2242
1427 2964
585 982
1723 368
811 1427
693 1511
2144 2378
1445 2679
977 1669
2835 1605
556 1254
67 2869
1251 2280
890 1447
2576 735
749 2877
2339 480
1579 1096
8 2553
2090 1569
603 613
1571 2749
2120 1495
464 601
2668 2193
611 664
2033 50
2755 831
824 60
2857 1747
2429 250
2782 595
2511 2358
129 421
437 2785
2737 210
258 901
820 2924
2295 851
2227 2048
1731 1549
2317 1777
2149 1401
2314 2510
2052 2910
1546 1478
1218 787
1286 1347
1464 2071
2797 2279
20 1404
742 2551
333 861
248 1038
1663 2206
2276 1683
2812 20
1435 308
267 1651
509 579
1158 2093
1811 1037
674 1054
1019 1789
1348 2466
802 1800
394 2563
767 420
610 1332
1872 575
2161 1387
612 1957
2187 1198
1923 1989
2099 2061
2294 1128
1547 1295
1569 2263
2781 1726
1284 2425
1386 88
2468 2344
2088 2764
2954 786
2265 2339
2461 2483
193 433
1553 960
14 2455
202 349
2108 32
1237 2625
2040 1996
1832 1617
2952 298
505 2841
1266 1606
194 2181
1859 2507
2831 509
1828 2365
1257 1294
166 957
2366 824
1590 2744
2804 2051
390 2187
2121 1796
2515 2763
1268 2833
1261 2938
121 940
2023 2565
2238 273
2688 1833
1608 2604
1770 2264
101 2124
2725 289
157 2815
785 525
1378 797
667 2733
501 2640
722 1807
2173 253
1185 2079
2957 1470
319 46
1508 496
1038 722
1683 1845
1551 408
1142 1277
547 1098
765 319
40 2942
97 502
2682 2861
498 1322
2553 1837
2840 2690
1314 2385
2922 870
1505 2872
2917 499
1461 1126
687 470
1474 500
931 643
635 1001
2311 1828
338 1545
2268 1248
1977 611
3 1063
251 1801
1001 2133
2532 2772
417 1118
2890 2928
2525 491
517 684
332 999
1882 1156
1056 749
724 756
2373 1371
982 2189
1513 2215
1240 1438
2042 1980
349 623
2436 495
1245 1233
233 1835
2359 131
2385 1433
2579 1657
100 80
2932 2412
2537 2914
526 2467
2168 2140
1288 2066
1589 655
2036 1629
2290 2275
141 1931
1234 177
2273 1480
571 1149
1069 404
2004 1279
2878 2486
2211 2284
1421 2822
2524 153
2437 2283
740 635
1980 225
362 995
2446 894
1341 2913
800 2807
110 2356
906 782
1235 1843
1039 537
106 2447
1163 531
330 2450
1083 2659
2587 2787
2137 2971
4 2363
2919 206
807 1880
889 2370
1217 246
1439 2120
1351 819
847 2397
2074 1223
1242 734
1345 2169
1376 1140
1795 1313
2063 1157
2189 1911
1978 333
2709 965
2940 2092
225 1181
1639 2758
2490 700
2369 2004
2784 2997
1874 1894
2131 2960
1382 584
2340 791
2180 1375
2838 1946
2105 2428
102 583
543 162
1646 2127
2362 2343
118 39
2378 1327
1806 1031
2856 1276
2457 2227
1070 2078
1316 2287
2166 2286
1676 1366
2253 1622
197 639
651 2035
1855 1537
307 41
201 966
2148 382
2825 1187
2915 176
2031 1337
2299 523
554 1862
2392 543
1926 1034
665 2930
2310 471
1776 2201
2079 1394
2331 904
2402 553
499 425
1834 519
22 1046
2235 1816
949 1665
48 2747
1225 1936
616 77
753 1145
905 2894
430 2384
1232 178
660 2255
2122 1142
1967 2159
1433 1640
2214 736
1527 1281
2135 259
2589 1868
1259 2695
2303 508
39 560
1322 530
2397 221
264 2482
241 1109
1868 920
671 2060
492 2013
93 1019
2496 2028
58 2961
1425 1171
1415 1385
552 1282
2132 511
2845 1612
389 2573
1841 658
192 2597
2147 2293
1743 1482
1273 1821
2487 1160
697 1340
1693 1453
1352 1725
339 2576
