1000
111 6502
6171 461
4519 6048
5863 4734
948 6009
2076 7350
4558 6668
176 1681
7121 5187
834 2927
4482 5417
7107 7064
4173 31
7141 1977
5512 2271
2962 5210
7659 1979
3067 1358
2622 18
3508 3719
5395 3207
1856 619
4383 2839
5455 6432
6098 695
2996 6007
6919 3890
4932 7046
6274 7297
3817 2694
2909 6171
1210 6058
4132 3538
1828 521
108 4464
3957 7817
7159 3097
2705 4072
7171 7560
3925 2029
3449 1472
3939 6253
2750 789
4454 2056
4287 982
3614 3137
5150 4437
2583 6942
2264 6527
6241 6044
451 7975
145 235
2218 3003
2409 4566
5402 3810
4243 2958
7545 3902
7211 6149
5623 2564
7682 4794
2401 4892
2965 2611
1315 6504
7031 814
6495 6720
2714 2306
867 2314
3020 5504
6572 6037
4648 7231
3688 2708
4485 6583
3288 2237
7434 6913
756 3275
1524 7461
5025 4238
6175 5512
2948 1771
1203 4961
5124 1662
491 7695
3630 4996
7064 3384
4585 2617
6934 3032
7238 5009
1415 3265
7324 4804
5168 5204
5720 5886
1458 7605
2534 1839
2180 251
4389 2979
450 3750
860 962
6847 3308
788 419
7365 2032
3269 278
2876 5824
4665 1109
36 7743
7773 1354
5009 5652
3650 4488
6513 6212
1297 6710
7082 1969
2632 412
7401 1098
5416 7059
7391 7334
5649 5843
2736 5915
4032 900
6647 3328
355 1197
5550 99
4224 7069
7034 5095
2553 6854
356 915
1256 7326
7790 319
4582 208
1844 4417
5233 3417
6631 4984
7711 548
5737 1945
2044 7355
4371 4779
5426 1232
6707 4252
375 7527
7842 5004
4587 757
3198 3888
5129 5413
5678 193
7364 4715
1723 5312
5045 5863
669 534
2109 5571
7297 6410
5463 1125
1356 6926
2556 1340
315 1475
1360 3755
7331 7724
7352 5407
6500 7847
4783 262
2398 7950
6080 4855
2054 47
3503 6793
4208 5194
2105 6704
6091 1624
5496 3042
5161 7712
4528 4202
5469 1311
5323 6250
1566 2978
4593 2005
3910 2748
7348 4033
2095 1991
6529 6450
4156 7324
1100 657
2672 7420
3059 4543
2038 7084
554 7348
6377 6889
1087 723
3486 1814
4777 1964
3803 2302
2332 1772
6300 5208
4518 361
5217 5423
3674 414
5164 4123
6648 5589
5481 7308
395 7820
6035 1997
3751 4092
1163 3125
919 3299
4215 5362
6959 6352
6844 6730
6933 8
7244 6424
4496 5713
5792 94
12 42
396 2458
710 535
2368 4580
4261 6475
6137 7859
614 1730
4601 4539
4415 1770
3681 6266
6438 6638
4862 7912
3441 4902
2171 1306
7091 7795
5370 3556
3924 831
3045 1058
5408 1468
3091 200
6121 7082
319 2666
966 1558
704 3914
1946 7915
5695 5876
3174 6403
4409 3921
5255 7425
6425 7544
3115 7266
2131 216
5381 2158
393 2380
5189 3639
5659 7558
4621 2148
5102 1221
1028 3166
284 7143
2651 4643
7179 5294
5125 7766
6322 3586
5579 2734
4390 7184
968 2332
1044 7777
197 5330
1486 6437
7250 3392
1580 6780
3126 29
3043 1899
6768 7665
6733 6377
2053 7977
945 4713
5683 4395
61 2918
7223 6147
6613 5769
593 6969
4447 5364
1365 3660
2192 6422
2999 1137
7761 2711
7567 5308
1469 6095
2112 637
1109 7121
3585 1086
1029 7809
1284 1331
1004 5797
3806 5566
6949 6747
3643 6075
3879 1799
6788 6431
4434 2975
3352 2089
744 362
2804 2450
1463 7041
4167 2289
1813 2478
4064 5699
1964 4672
7700 729
7939 6026
348 6098
2341 4456
682 5036
7518 2411
7776 5
5470 6997
2126 3152
2637 7014
3381 6606
2415 3095
1897 3015
7371 4764
3200 2997
3812 2515
5169 1880
2816 55
4327 4911
1866 3046
3968 3818
2807 3876
3986 6316
6787 2501
5655 7535
2944 4665
7671 5840
2034 7412
6977 2337
4865 3241
4986 4519
4166 3274
1147 1781
5586 2688
1507 3150
6680 519
6850 6144
4821 4987
2430 5291
1979 4596
6410 3665
4191 868
1891 1818
1271 2419
7178 464
2012 5641
3469 3944
3291 2625
4193 5195
4913 3922
4146 743
7616 6055
1165 6972
534 5251
377 5252
3064 1439
1335 3739
1653 790
1845 7657
6815 5316
5685 3490
2117 6555
1851 1865
5582 2895
7068 76
1943 554
7721 4595
5135 6792
6214 987
1093 7757
677 7731
2867 1084
5973 3462
5227 6097
2147 7233
7843 6508
63 5201
4924 2257
6018 4192
5155 2320
6479 2647
7803 3615
3808 701
6463 4075
2771 1947
4873 6850
5163 1008
6940 2705
5587 4050
5399 7251
2737 1386
3030 271
3871 2618
7908 1431
5944 4403
203 994
87 4623
688 945
4312 2529
4695 2649
7882 7511
3354 7455
2097 5688
6420 4283
5726 3775
2784 3759
5577 5674
4857 7828
5397 6138
1332 816
5725 1842
6313 6200
1595 1520
1572 1890
899 5456
2439 6297
3453 5043
1235 7764
5023 4766
4206 3632
5937 7597
4824 2531
5907 3912
1551 1482
6901 930
5804 6494
2334 4420
838 6940
2928 4100
4867 3312
1489 1612
5325 3613
1380 3264
3467 7962
5595 6544
4896 6901
4699 2588
3768 7786
1990 2421
6112 4396
3048 6736
3263 3071
336 1592
5779 2486
2741 3389
4042 4271
1541 4783
3399 5104
3760 4405
2569 5380
3616 870
1606 3855
2759 879
1161 4256
2372 1481
2476 7392
7615 2085
2438 7720
6117 5277
2014 1202
3750 1510
2145 1940
4219 7942
5343 2358
2158 6347
2027 3447
3412 4500
4711 4064
6689 5365
3254 3208
1362 6518
7428 5253
76 7667
2525 5885
6282 599
384 669
7933 620
7787 2249
6034 6820
4379 5264
1613 2809
894 6836
3699 4262
1337 5278
4274 538
4366 6560
2539 1740
2289 2561
3158 199
158 1738
1045 7000
50 7674
2134 3297
1890 7245
4028 7960
6217 6546
7543 3867
675 4054
6351 1545
2694 63
3568 5977
3592 7502
143 4678
4511 6569
3591 3198
7528 1406
6312 347
6486 3332
1485 3366
5536 6001
5690 3942
2296 2150
7544 121
5992 5211
2086 7885
7572 7924
6996 3951
7072 6528
4106 5549
6719 4610
1958 7108
1750 3157
4879 6434
2263 7130
4950 160
6723 1034
5475 6694
1540 7989
6852 358
1091 6759
908 329
2471 6896
5293 3901
2796 7116
1713 4639
277 1004
3834 6716
2366 7021
6170 1529
4177 1131
2621 912
4864 7584
6537 4373
4286 7442
6670 2804
266 5642
6461 4904
4002 215
3965 3919
2510 2758
970 6017
2273 768
3692 4496
7704 6201
3831 2914
1617 2945
2658 7611
3118 1122
532 1725
7760 4015
5092 7340
3227 48
6272 255
4669 3860
3065 6860
3528 3235
549 3702
2615 4086
3574 818
7236 5241
4199 5063
6764 6866
456 6796
2251 1465
5848 4349
7366 4627
2964 3858
7026 3458
4075 988
4831 1088
5239 6325
2424 4324
3756 6262
4537 5035
430 4203
3653 5903
6338 740
6968 2579
4622 690
4532 1361
5359 6731
3271 4462
2286 6015
6616 68
4606 376
5250 544
7357 1557
3507 1400
774 5237
420 4486
1881 7659
715 5720
6187 6446
276 7095
4100 3842
3686 6125
5358 1867
6435 1941
2991 7630
4600 7640
5667 2759
6521 3343
5829 2371
2323 656
3085 5175
487 3004
7383 6385
407 7530
3000 3142
3960 4542
4333 7701
3297 2348
5098 739
2224 2603
4242 3093
7399 4765
6875 1501
2079 4410
5969 5475
7814 4108
5290 6655
1266 6472
1565 7098
7809 7543
1255 5446
5444 4319
1002 2406
4090 1684
4508 1538
3274 2638
3618 2573
1036 3686
2002 5332
4514 2984
6834 602
1403 7925
7881 5206
5396 70
5738 7364
4564 1025
1733 661
6276 4558
1604 2356
4626 5613
7911 1750
4758 4727
4143 4682
2787 3822
7931 1794
2821 1077
6066 1561
2487 5429
3663 384
2958 6675
7216 6591
6494 6895
19 7637
4381 5021
6022 3737
584 920
2182 5220
1719 513
2917 6781
934 3575
2893 1674
28 7792
1283 6117
7875 6824
7433 7577
1409 4495
2405 93
6314 1619
4731 2568
6990 492
3379 5329
973 2546
2872 2334
6635 3886
1598 7138
769 4581
638 5793
2955 6349
3704 6274
4210 4697
909 5749
4372 4362
262 4003
2614 949
6107 2368
6020 5999
6444 6330
5306 429
5873 4120
1399 6485
6567 4382
6130 3635
4394 3582
7450 3394
508 7549
7338 1061
2899 6230
47 1551
6964 5766
3051 7441
4006 7199
58 3139
5110 1504
7775 2714
7752 2151
4967 3454
2371 1937
7982 7703
4188 5509
2800 1547
1187 242
1500 5644
2711 3794
3249 478
6626 1824
2832 5701
2347 3183
1249 5349
1907 4155
4739 310
2072 4204
6681 5010
3579 958
4458 5880
3982 4923
863 4934
2531 4114
4200 1130
3147 7223
379 2712
99 3357
640 4669
4703 7848
4687 6462
4172 3868
7655 4451
567 921
6465 6183
7844 3915
4275 1665
6646 3260
2225 7165
169 4475
1947 1638
1703 3567
2440 2813
5171 2292
4981 5994
177 3539
6001 356
829 1886
2555 3959
6102 4438
465 5958
7500 632
1143 5990
629 7047
1054 3188
678 6366
6173 5631
4410 2047
1758 4811
2474 2326
5490 3493
2606 778
1319 6299
273 2753
2461 149
3026 4136
3844 1222
1174 5297
3247 1776
2903 7076
6792 5038
6296 682
6178 1136
3142 1371
1934 4941
4901 3347
818 1292
6802 6830
2810 4778
4577 7004
2511 313
368 4071
1001 1188
3519 4374
3727 418
3464 4038
1590 249
3319 7433
6483 4278
5668 6698
905 1254
2017 7168
2769 2039
44 581
3672 5832
7398 7379
5195 7051
7438 1138
6502 131
6059 2404
529 3240
5765 7415
4963 2825
2445 1435
7040 4025
1593 374
201 5984
6527 6000
2669 1729
1928 6748
5624 860
5284 3955
3250 2898
735 3008
6449 7985
4140 5385
3303 6203
5616 7322
1969 7164
3442 2340
3497 1068
5338 5819
318 2534
836 4480
5875 6921
2453 5837
2619 6677
4078 7073
1829 1239
6071 2937
1167 6229
4837 6841
3062 942
1191 1782
7609 4882
598 1273
3991 1741
1268 3961
6019 4935
1287 4363
3784 5248
6700 4258
5447 5124
82 3553
1876 5433
2245 5513
1471 5398
6182 2453
2533 3119
7663 4885
4830 6142
4523 1230
1710 5540
4696 1566
287 6204
7588 592
6637 7190
1254 1769
6592 6597
3851 6723
6928 4122
3013 4235
5990 395
7395 1190
4446 1409
7839 6198
3182 7866
2362 308
4849 3910
3634 1747
7367 146
4322 2572
4727 5464
376 6134
3133 2560
1338 4161
2543 7775
1246 2667
513 1708
5692 7368
2675 1942
3714 7397
6560 4167
4345 5495
1206 4865
1855 451
1127 5163
6223 6268
768 266
449 5748
2686 1166
2802 4691
2584 6162
3530 3012
1395 3185
6870 675
7461 2263
4883 6430
4480 4318
1039 7512
941 1653
5680 3464
3501 6661
2516 2930
280 5014
6588 1279
7890 2251
6956 1451
7551 2525
6663 6904
470 7901
6692 7436
5998 2052
1972 6199
4355 245
1711 787
3095 1497
2308 6929
4776 1094
3484 609
1026 7818
1601 5057
2389 2367
2596 2980
6982 2456
2828 1834
7574 1419
843 5019
7570 2658
7394 3416
4507 5065
3696 6633
7825 6320
1803 1809
7293 2105
3936 5675
4569 2360
7980 6571
4724 5671
474 7268
5138 6029
2995 7198
4721 3517
6525 6139
869 4337
3092 6576
4026 5842
7494 269
3894 1959
3546 518
1278 1105
1402 509
1975 2470
2216 4584
4023 1148
4565 4693
587 7773
4829 2876
6008 4931
3559 1560
924 6041
4080 3
2361 834
2835 4656
1973 5196
917 683
6676 6879
5974 6888
1676 2816
5030 6131
26 5463
6805 34
6352 5454
7878 3268
327 3016
6839 3617
6227 7486
163 7065
1498 430
5011 5568
6499 1927
4278 7664
45 2751
110 3048
6530 4806
3094 2801
827 6960
