100
177 327
384 452
350 232
45 33
162 426
330 89
252 96
160 163
100 1
223 88
176 34
475 420
57 61
351 290
357 143
437 393
84 472
33 343
496 428
80 410
310 40
114 219
64 23
221 492
306 326
187 450
214 279
17 101
66 65
409 451
269 369
415 390
346 151
432 86
280 211
439 227
95 36
430 347
151 3
70 14
478 41
194 345
393 436
180 56
189 496
178 152
466 271
401 159
257 135
112 18
166 458
14 332
172 372
442 136
69 281
207 335
460 237
250 179
220 277
92 226
313 265
61 198
275 454
205 199
340 357
110 187
212 350
359 123
235 394
493 114
263 447
182 293
183 301
219 401
331 407
327 297
450 386
323 108
144 329
481 177
400 267
213 173
303 268
484 225
119 149
337 303
456 243
150 78
348 373
490 396
425 186
354 83
184 269
246 323
22 87
163 92
308 42
286 6
240 150
461 494
