800
570 619
747 127
6 718
670 612
409 737
716 193
361 791
853 911
542 27
39 597
192 863
927 913
227 498
437 7
442 1000
593 624
2 649
63 239
728 493
967 131
460 827
786 211
23 234
677 15
636 798
319 156
956 764
236 678
324 140
623 545
405 613
835 802
630 901
841 332
576 996
994 637
810 967
520 220
931 806
833 398
133 504
9 598
896 414
43 897
344 32
731 247
845 241
494 729
955 274
676 38
299 453
957 519
93 238
513 717
183 102
839 632
680 663
314 948
898 409
645 838
272 973
758 482
163 520
71 531
781 635
270 810
889 19
785 321
121 774
712 306
697 709
760 101
292 333
962 65
893 957
947 96
243 571
7 279
922 989
981 601
475 720
800 61
55 799
338 812
185 492
865 449
350 785
669 547
261 583
38 370
700 125
165 495
200 91
204 842
410 975
534 958
532 728
202 861
255 473
714 155
828 294
657 68
766 305
253 542
739 200
245 515
35 325
566 541
842 603
241 73
987 790
335 190
813 374
799 158
702 106
476 676
736 256
551 110
316 481
638 324
662 79
607 681
495 591
829 837
597 533
233 615
685 917
17 490
574 347
642 344
148 380
979 351
12 754
686 438
795 507
873 14
944 893
286 675
556 395
287 845
403 569
862 887
411 651
141 819
458 604
741 995
474 342
180 536
34 25
713 17
752 688
539 298
745 271
87 375
870 743
822 485
910 910
490 182
914 26
434 460
293 219
725 971
877 153
545 960
734 537
61 708
929 942
999 345
719 254
439 51
814 115
362 878
867 869
805 319
309 403
986 233
382 169
135 54
16 783
113 56
903 5
904 559
60 243
145 313
503 972
567 446
231 404
387 354
824 400
283 716
933 627
109 184
924 423
694 365
91 864
139 809
819 865
801 766
559 633
240 686
777 52
804 586
46 920
82 908
508 593
218 72
501 209
938 134
536 936
915 371
784 224
300 769
143 584
80 199
426 747
632 885
308 405
377 933
688 114
408 970
703 379
191 666
65 352
555 656
806 626
960 983
571 888
334 218
111 523
791 159
73 645
455 123
916 173
497 443
368 581
535 348
453 872
626 700
246 263
444 832
899 833
213 81
625 431
693 966
27 183
687 421
721 299
858 426
900 439
305 882
419 203
311 307
988 111
138 669
666 201
544 221
359 467
707 702
260 252
86 175
644 789
198 877
692 705
975 186
373 723
347 185
421 751
709 496
304 364
79 641
793 338
812 126
436 803
156 873
563 87
568 109
964 189
923 511
282 275
970 539
809 919
128 724
352 314
401 471
371 225
765 63
569 623
118 628
392 883
770 573
595 695
151 697
386 385
522 318
815 526
622 226
581 483
591 82
561 280
341 470
244 994
137 37
263 868
592 850
357 951
848 246
983 329
894 855
588 852
756 402
918 556
560 121
737 130
179 107
4 745
107 824
733 596
438 260
307 407
125 262
342 474
652 943
112 846
886 564
526 712
187 540
129 139
718 866
502 839
164 231
477 580
5 826
577 599
301 575
516 357
682 360
448 210
917 876
512 610
41 161
214 445
847 304
468 457
51 759
462 551
852 350
94 961
837 288
211 516
333 506
872 336
729 108
159 561
510 979
206 217
963 205
472 594
348 116
934 167
537 326
726 488
274 23
228 494
406 18
647 534
217 382
75 244
262 261
750 682
519 430
391 369
30 968
650 938
72 8
948 2
771 980
600 406
706 181
68 618
289 362
620 291
755 589
727 487
449 454
609 278
363 622
234 689
935 780
618 719
730 117
879 150
546 552
778 578
596 990
369 427
298 514
884 479
3 216
850 977
874 834
219 653
142 122
318 909
997 204
465 16
890 640
375 679
830 881
451 758
990 136
44 328
265 383
511 48
611 228
372 895
174 396
95 142
330 466
267 10
452 119
888 704
633 811
602 574
783 191
807 503
489 976
416 327
486 544
671 66
210 416
15 103
506 841
554 207
90 267
840 786
414 273
885 195
479 929
21 616
844 568
413 384
658 848
836 257
487 814
441 965
610 168
463 851
229 699
689 120
160 178
384 631
523 734
649 187
796 538
779 527
400 620
882 341
417 794
167 974
966 721
717 316
62 47
52 346
969 690
926 703
177 566
64 517
430 132
132 437
838 683
239 138
26 412
313 555
859 672
108 760
678 320
336 148
326 497
491 9
558 535
648 42
827 595
980 939
354 629
753 731
85 657
173 664
367 70
529 13
104 630
56 808
288 30
572 86
199 444
582 429
431 870
40 358
250 844
18 245
172 301
152 905
58 763
499 242
991 58
651 853
182 84
433 198
370 137
869 805
906 818
249 180
322 468
1000 154
88 776
621 214
188 100
10 144
383 691
861 53
775 464
273 715
264 655
194 469
310 768
817 670
66 95
856 835
603 677
901 28
232 924
471 6
457 258
189 822
679 215
790 317
481 915
552 92
158 1
584 739
616 738
978 859
54 286
711 773
667 300
37 230
69 456
681 505
482 44
398 992
891 524
789 988
420 611
854 501
982 272
961 104
615 435
496 36
161 312
950 113
764 529
738 755
343 162
925 667
1 118
553 296
911 222
329 408
278 762
780 458
821 969
695 607
19 880
281 600
146 349
690 34
389 452
162 660
575 277
116 67
907 986
208 638
332 240
580 450
549 698
639 98
196 673
921 50
528 433
792 74
364 355
320 442
424 129
469 588
321 264
402 750
655 692
271 706
533 609
379 420
147 276
376 57
184 778
224 879
247 227
905 874
773 285
84 733
269 232
973 999
811 525
683 621
759 955
123 998
331 315
661 152
598 753
834 796
276 334
203 646
110 736
599 997
291 475
396 282
952 208
11 486
325 701
45 906
102 937
257 290
393 293
612 985
565 89
579 982
972 283
880 828
209 549
360 484
614 572
606 309
855 22
646 510
876 757
345 476
505 194
356 391
251 857
440 60
943 890
527 636
578 512
674 80
443 642
488 310
851 448
696 661
976 11
205 71
977 99
33 356
761 491
32 898
134 248
920 899
412 964
992 424
485 665
374 88
908 849
617 658
871 265
445 343
323 696
131 847
285 287
337 662
176 894
663 558
418 522
608 229
388 557
624 451
115 784
631 75
831 912
654 674
974 97
932 713
802 157
772 779
909 253
447 436
691 858
96 212
140 447
656 397
117 746
627 268
480 513
483 376
710 105
965 459
864 77
454 680
92 160
432 39
659 197
541 553
573 331
365 509
259 889
222 133
77 461
157 565
28 83
684 62
303 685
594 546
515 24
394 840
953 934
585 765
48 518
346 984
105 250
971 991
996 860
514 41
20 213
122 33
358 916
24 605
945 295
168 668
220 925
509 748
722 767
940 441
605 386
186 981
340 235
99 297
397 781
280 269
500 671
103 829
14 413
849 477
530 372
763 978
586 940
984 725
446 742
640 281
366 608
435 3
776 381
748 259
478 367
637 644
816 567
798 410
59 928
868 359
306 930
70 223
297 896
106 366
493 76
846 782
492 472
223 900
237 770
284 543
248 465
127 807
57 401
312 206
619 761
98 147
50 266
665 170
902 926
423 801
504 415
498 749
954 722
635 389
757 892
562 428
466 236
604 726
946 387
197 192
294 647
201 361
144 528
531 368
175 830
768 987
484 914
